7 #SUP: 20081
7 11 #SUP: 16727
5 7 11 #SUP: 16370
7 13 #SUP: 16969
7 8 13 #SUP: 14365
5 7 8 13 #SUP: 14161
7 11 13 #SUP: 14868
5 7 11 13 #SUP: 14525
5 7 13 #SUP: 16603
7 8 #SUP: 17204
7 8 11 #SUP: 14069
5 7 8 11 #SUP: 13872
5 7 8 #SUP: 16992
5 7 #SUP: 19701
22 #SUP: 23202
17 22 #SUP: 13770
19 22 #SUP: 14038
5 19 22 #SUP: 13794
9 22 #SUP: 15026
9 11 22 #SUP: 13745
5 9 22 #SUP: 14730
8 22 #SUP: 18899
8 11 22 #SUP: 16743
5 8 11 22 #SUP: 16472
5 8 22 #SUP: 18608
13 22 #SUP: 18951
8 13 22 #SUP: 15312
8 11 13 22 #SUP: 13939
5 8 11 13 22 #SUP: 13693
5 8 13 22 #SUP: 15048
11 13 22 #SUP: 17355
5 11 13 22 #SUP: 16961
5 13 22 #SUP: 18532
11 22 #SUP: 20752
5 11 22 #SUP: 20322
5 22 #SUP: 22744
15 #SUP: 23265
15 19 #SUP: 14372
5 15 19 #SUP: 14106
9 15 #SUP: 15070
5 9 15 #SUP: 14778
13 15 #SUP: 18797
8 13 15 #SUP: 15694
8 11 13 15 #SUP: 14091
5 8 11 13 15 #SUP: 13847
5 8 13 15 #SUP: 15433
11 13 15 #SUP: 16980
5 11 13 15 #SUP: 16599
5 13 15 #SUP: 18393
8 15 #SUP: 19592
8 11 15 #SUP: 17053
5 8 11 15 #SUP: 16788
5 8 15 #SUP: 19307
11 15 #SUP: 20457
5 11 15 #SUP: 20043
5 15 #SUP: 22824
48 #SUP: 23289
9 48 #SUP: 14960
9 11 48 #SUP: 13584
5 9 48 #SUP: 14814
13 48 #SUP: 19082
8 13 48 #SUP: 15820
8 11 13 48 #SUP: 14371
5 8 11 13 48 #SUP: 14228
5 8 13 48 #SUP: 15668
11 13 48 #SUP: 17441
5 11 13 48 #SUP: 17229
5 13 48 #SUP: 18858
8 48 #SUP: 19439
8 11 48 #SUP: 17159
5 8 11 48 #SUP: 17007
5 8 48 #SUP: 19277
11 48 #SUP: 20755
5 11 48 #SUP: 20528
5 48 #SUP: 23049
19 #SUP: 25130
17 19 #SUP: 15321
11 17 19 #SUP: 14312
5 11 17 19 #SUP: 14080
5 17 19 #SUP: 15078
9 19 #SUP: 16075
9 11 19 #SUP: 15346
5 9 11 19 #SUP: 15074
5 9 19 #SUP: 15796
13 19 #SUP: 19990
8 13 19 #SUP: 16471
8 11 13 19 #SUP: 15375
5 8 11 13 19 #SUP: 15121
5 8 13 19 #SUP: 16198
11 13 19 #SUP: 18705
5 11 13 19 #SUP: 18337
5 13 19 #SUP: 19598
8 19 #SUP: 20763
8 11 19 #SUP: 19093
5 8 11 19 #SUP: 18813
5 8 19 #SUP: 20461
11 19 #SUP: 23195
5 11 19 #SUP: 22789
5 19 #SUP: 24695
17 #SUP: 27214
9 17 #SUP: 17429
9 13 17 #SUP: 14227
5 9 13 17 #SUP: 13955
8 9 17 #SUP: 14404
5 8 9 17 #SUP: 14219
9 11 17 #SUP: 15917
5 9 11 17 #SUP: 15637
5 9 17 #SUP: 17146
13 17 #SUP: 22472
8 13 17 #SUP: 18555
8 11 13 17 #SUP: 17041
5 8 11 13 17 #SUP: 16783
5 8 13 17 #SUP: 18285
11 13 17 #SUP: 20766
5 11 13 17 #SUP: 20357
5 13 17 #SUP: 22046
8 17 #SUP: 22554
8 11 17 #SUP: 20069
5 8 11 17 #SUP: 19799
5 8 17 #SUP: 22270
11 17 #SUP: 24459
5 11 17 #SUP: 24031
5 17 #SUP: 26766
9 #SUP: 28934
9 13 #SUP: 23358
8 9 13 #SUP: 19432
8 9 11 13 #SUP: 18000
5 8 9 11 13 #SUP: 17695
5 8 9 13 #SUP: 19115
9 11 13 #SUP: 21830
5 9 11 13 #SUP: 21352
5 9 13 #SUP: 22866
8 9 #SUP: 24265
8 9 11 #SUP: 21540
5 8 9 11 #SUP: 21217
5 8 9 #SUP: 23929
9 11 #SUP: 26044
5 9 11 #SUP: 25538
5 9 #SUP: 28413
13 #SUP: 36959
8 13 #SUP: 30836
8 11 13 #SUP: 27814
5 8 11 13 #SUP: 27371
5 8 13 #SUP: 30359
11 13 #SUP: 33573
5 11 13 #SUP: 32862
5 13 #SUP: 36201
8 #SUP: 37967
8 11 #SUP: 33162
5 8 11 #SUP: 32685
5 8 #SUP: 37453
11 #SUP: 39922
5 11 #SUP: 39159
5 #SUP: 44396
