7 #SUP: 20081
5 7 #SUP: 19701
22 #SUP: 23202
8 22 #SUP: 18899
5 8 22 #SUP: 18608
13 22 #SUP: 18951
5 13 22 #SUP: 18532
11 22 #SUP: 20752
5 11 22 #SUP: 20322
5 22 #SUP: 22744
15 #SUP: 23265
13 15 #SUP: 18797
5 13 15 #SUP: 18393
8 15 #SUP: 19592
5 8 15 #SUP: 19307
11 15 #SUP: 20457
5 11 15 #SUP: 20043
5 15 #SUP: 22824
48 #SUP: 23289
13 48 #SUP: 19082
5 13 48 #SUP: 18858
8 48 #SUP: 19439
5 8 48 #SUP: 19277
11 48 #SUP: 20755
5 11 48 #SUP: 20528
5 48 #SUP: 23049
19 #SUP: 25130
13 19 #SUP: 19990
11 13 19 #SUP: 18705
5 11 13 19 #SUP: 18337
5 13 19 #SUP: 19598
8 19 #SUP: 20763
8 11 19 #SUP: 19093
5 8 11 19 #SUP: 18813
5 8 19 #SUP: 20461
11 19 #SUP: 23195
5 11 19 #SUP: 22789
5 19 #SUP: 24695
17 #SUP: 27214
13 17 #SUP: 22472
8 13 17 #SUP: 18555
5 8 13 17 #SUP: 18285
11 13 17 #SUP: 20766
5 11 13 17 #SUP: 20357
5 13 17 #SUP: 22046
8 17 #SUP: 22554
8 11 17 #SUP: 20069
5 8 11 17 #SUP: 19799
5 8 17 #SUP: 22270
11 17 #SUP: 24459
5 11 17 #SUP: 24031
5 17 #SUP: 26766
9 #SUP: 28934
9 13 #SUP: 23358
8 9 13 #SUP: 19432
5 8 9 13 #SUP: 19115
9 11 13 #SUP: 21830
5 9 11 13 #SUP: 21352
5 9 13 #SUP: 22866
8 9 #SUP: 24265
8 9 11 #SUP: 21540
5 8 9 11 #SUP: 21217
5 8 9 #SUP: 23929
9 11 #SUP: 26044
5 9 11 #SUP: 25538
5 9 #SUP: 28413
13 #SUP: 36959
8 13 #SUP: 30836
8 11 13 #SUP: 27814
5 8 11 13 #SUP: 27371
5 8 13 #SUP: 30359
11 13 #SUP: 33573
5 11 13 #SUP: 32862
5 13 #SUP: 36201
8 #SUP: 37967
8 11 #SUP: 33162
5 8 11 #SUP: 32685
5 8 #SUP: 37453
11 #SUP: 39922
5 11 #SUP: 39159
5 #SUP: 44396
