3 #SUP: 12790
4 #SUP: 6851
5 #SUP: 44396
7 #SUP: 20081
8 #SUP: 37967
9 #SUP: 28934
10 #SUP: 4901
11 #SUP: 39922
12 #SUP: 10883
13 #SUP: 36959
15 #SUP: 23265
16 #SUP: 9458
17 #SUP: 27214
18 #SUP: 13301
19 #SUP: 25130
22 #SUP: 23202
23 #SUP: 7244
24 #SUP: 9732
26 #SUP: 5207
27 #SUP: 7597
28 #SUP: 5171
37 #SUP: 11655
39 #SUP: 8410
42 #SUP: 5289
44 #SUP: 9027
48 #SUP: 23289
3 5  #SUP: 12551
3 7  #SUP: 5888
3 8  #SUP: 11127
3 9  #SUP: 8187
3 11  #SUP: 10878
3 13  #SUP: 10211
3 15  #SUP: 10421
3 18  #SUP: 4792
3 19  #SUP: 6902
3 22  #SUP: 6617
3 48  #SUP: 7069
4 5  #SUP: 6724
4 8  #SUP: 5827
4 11  #SUP: 6260
4 13  #SUP: 5831
4 17  #SUP: 5246
5 7  #SUP: 19701
5 8  #SUP: 37453
5 9  #SUP: 28413
5 10  #SUP: 4862
5 11  #SUP: 39159
5 12  #SUP: 10675
5 13  #SUP: 36201
5 15  #SUP: 22824
5 16  #SUP: 9294
5 17  #SUP: 26766
5 18  #SUP: 13103
5 19  #SUP: 24695
5 22  #SUP: 22744
5 23  #SUP: 6943
5 24  #SUP: 9531
5 26  #SUP: 5079
5 27  #SUP: 7467
5 28  #SUP: 5097
5 37  #SUP: 11423
5 39  #SUP: 8276
5 42  #SUP: 5237
5 44  #SUP: 9011
5 48  #SUP: 23049
7 8  #SUP: 17204
7 9  #SUP: 12859
7 11  #SUP: 16727
7 12  #SUP: 4883
7 13  #SUP: 16969
7 15  #SUP: 8893
7 16  #SUP: 4780
7 17  #SUP: 11893
7 18  #SUP: 6923
7 22  #SUP: 9164
7 37  #SUP: 4856
7 39  #SUP: 4731
7 48  #SUP: 10016
8 9  #SUP: 24265
8 11  #SUP: 33162
8 12  #SUP: 9127
8 13  #SUP: 30836
8 15  #SUP: 19592
8 16  #SUP: 8205
8 17  #SUP: 22554
8 18  #SUP: 11517
8 19  #SUP: 20763
8 22  #SUP: 18899
8 24  #SUP: 8048
8 27  #SUP: 6288
8 37  #SUP: 9683
8 39  #SUP: 6916
8 42  #SUP: 4805
8 44  #SUP: 7889
8 48  #SUP: 19439
9 11  #SUP: 26044
9 13  #SUP: 23358
9 15  #SUP: 15070
9 16  #SUP: 5905
9 17  #SUP: 17429
9 18  #SUP: 8368
9 19  #SUP: 16075
9 22  #SUP: 15026
9 23  #SUP: 4669
9 24  #SUP: 6251
9 27  #SUP: 4838
9 37  #SUP: 7291
9 39  #SUP: 5249
9 44  #SUP: 5763
9 48  #SUP: 14960
11 12  #SUP: 10766
11 13  #SUP: 33573
11 15  #SUP: 20457
11 16  #SUP: 8157
11 17  #SUP: 24459
11 18  #SUP: 11305
11 19  #SUP: 23195
11 22  #SUP: 20752
11 23  #SUP: 6760
11 24  #SUP: 9024
11 26  #SUP: 4585
11 27  #SUP: 6757
11 28  #SUP: 4540
11 37  #SUP: 10592
11 39  #SUP: 7625
11 44  #SUP: 7691
11 48  #SUP: 20755
12 13  #SUP: 9153
12 15  #SUP: 5346
12 17  #SUP: 6668
12 19  #SUP: 6000
12 22  #SUP: 5432
12 48  #SUP: 5690
13 15  #SUP: 18797
13 16  #SUP: 7634
13 17  #SUP: 22472
13 18  #SUP: 10643
13 19  #SUP: 19990
13 22  #SUP: 18951
13 23  #SUP: 6123
13 24  #SUP: 8115
13 27  #SUP: 6256
13 37  #SUP: 9714
13 39  #SUP: 7136
13 44  #SUP: 7101
13 48  #SUP: 19082
15 16  #SUP: 5101
15 17  #SUP: 11243
15 18  #SUP: 7885
15 19  #SUP: 14372
15 22  #SUP: 12623
15 24  #SUP: 5060
15 48  #SUP: 12844
16 17  #SUP: 5400
16 18  #SUP: 7801
16 19  #SUP: 4678
17 18  #SUP: 7038
17 19  #SUP: 15321
17 22  #SUP: 13770
17 23  #SUP: 4660
17 24  #SUP: 6968
17 37  #SUP: 8242
17 39  #SUP: 6306
17 44  #SUP: 5636
17 48  #SUP: 13526
18 19  #SUP: 6378
18 48  #SUP: 6401
19 22  #SUP: 14038
19 24  #SUP: 7048
19 37  #SUP: 6799
19 44  #SUP: 4765
19 48  #SUP: 13273
22 24  #SUP: 5371
22 27  #SUP: 5229
22 37  #SUP: 6011
22 48  #SUP: 12363
24 48  #SUP: 5223
37 48  #SUP: 5789
3 5 7  #SUP: 5775
3 5 8  #SUP: 10973
3 5 9  #SUP: 8033
3 5 11  #SUP: 10660
3 5 13  #SUP: 9994
3 5 15  #SUP: 10231
3 5 18  #SUP: 4736
3 5 19  #SUP: 6776
3 5 22  #SUP: 6466
3 5 48  #SUP: 7002
3 7 8  #SUP: 5121
3 7 11  #SUP: 4653
3 7 13  #SUP: 4818
3 7 15  #SUP: 4744
3 8 9  #SUP: 7119
3 8 11  #SUP: 9362
3 8 13  #SUP: 8800
3 8 15  #SUP: 9075
3 8 19  #SUP: 6006
3 8 22  #SUP: 5596
3 8 48  #SUP: 6112
3 9 11  #SUP: 7109
3 9 13  #SUP: 6437
3 9 15  #SUP: 6784
3 9 48  #SUP: 4555
3 11 13  #SUP: 8969
3 11 15  #SUP: 8817
3 11 19  #SUP: 6225
3 11 22  #SUP: 5762
3 11 48  #SUP: 6039
3 13 15  #SUP: 8287
3 13 19  #SUP: 5393
3 13 22  #SUP: 5328
3 13 48  #SUP: 5625
3 15 19  #SUP: 5677
3 15 22  #SUP: 5461
3 15 48  #SUP: 5861
4 5 8  #SUP: 5751
4 5 11  #SUP: 6139
4 5 13  #SUP: 5709
4 5 17  #SUP: 5162
4 8 11  #SUP: 5286
4 8 13  #SUP: 4939
4 11 13  #SUP: 5413
4 11 17  #SUP: 4850
5 7 8  #SUP: 16992
5 7 9  #SUP: 12617
5 7 11  #SUP: 16370
5 7 12  #SUP: 4785
5 7 13  #SUP: 16603
5 7 15  #SUP: 8718
5 7 16  #SUP: 4702
5 7 17  #SUP: 11688
5 7 18  #SUP: 6827
5 7 22  #SUP: 8950
5 7 37  #SUP: 4740
5 7 39  #SUP: 4647
5 7 48  #SUP: 9886
5 8 9  #SUP: 23929
5 8 11  #SUP: 32685
5 8 12  #SUP: 9000
5 8 13  #SUP: 30359
5 8 15  #SUP: 19307
5 8 16  #SUP: 8097
5 8 17  #SUP: 22270
5 8 18  #SUP: 11392
5 8 19  #SUP: 20461
5 8 22  #SUP: 18608
5 8 24  #SUP: 7921
5 8 27  #SUP: 6206
5 8 37  #SUP: 9535
5 8 39  #SUP: 6839
5 8 42  #SUP: 4768
5 8 44  #SUP: 7879
5 8 48  #SUP: 19277
5 9 11  #SUP: 25538
5 9 13  #SUP: 22866
5 9 15  #SUP: 14778
5 9 16  #SUP: 5808
5 9 17  #SUP: 17146
5 9 18  #SUP: 8248
5 9 19  #SUP: 15796
5 9 22  #SUP: 14730
5 9 24  #SUP: 6114
5 9 27  #SUP: 4762
5 9 37  #SUP: 7149
5 9 39  #SUP: 5166
5 9 44  #SUP: 5753
5 9 48  #SUP: 14814
5 11 12  #SUP: 10558
5 11 13  #SUP: 32862
5 11 15  #SUP: 20043
5 11 16  #SUP: 8001
5 11 17  #SUP: 24031
5 11 18  #SUP: 11121
5 11 19  #SUP: 22789
5 11 22  #SUP: 20322
5 11 23  #SUP: 6474
5 11 24  #SUP: 8838
5 11 27  #SUP: 6637
5 11 37  #SUP: 10379
5 11 39  #SUP: 7496
5 11 44  #SUP: 7679
5 11 48  #SUP: 20528
5 12 13  #SUP: 8964
5 12 15  #SUP: 5241
5 12 17  #SUP: 6545
5 12 19  #SUP: 5890
5 12 22  #SUP: 5322
5 12 48  #SUP: 5618
5 13 15  #SUP: 18393
5 13 16  #SUP: 7482
5 13 17  #SUP: 22046
5 13 18  #SUP: 10457
5 13 19  #SUP: 19598
5 13 22  #SUP: 18532
5 13 23  #SUP: 5842
5 13 24  #SUP: 7930
5 13 27  #SUP: 6134
5 13 37  #SUP: 9496
5 13 39  #SUP: 7008
5 13 44  #SUP: 7087
5 13 48  #SUP: 18858
5 15 16  #SUP: 5022
5 15 17  #SUP: 11045
5 15 18  #SUP: 7778
5 15 19  #SUP: 14106
5 15 22  #SUP: 12353
5 15 24  #SUP: 4945
5 15 48  #SUP: 12712
5 16 17  #SUP: 5305
5 16 18  #SUP: 7679
5 16 19  #SUP: 4592
5 17 18  #SUP: 6934
5 17 19  #SUP: 15078
5 17 22  #SUP: 13527
5 17 24  #SUP: 6858
5 17 37  #SUP: 8087
5 17 39  #SUP: 6217
5 17 44  #SUP: 5630
5 17 48  #SUP: 13396
5 18 19  #SUP: 6276
5 18 48  #SUP: 6339
5 19 22  #SUP: 13794
5 19 24  #SUP: 6915
5 19 37  #SUP: 6683
5 19 44  #SUP: 4754
5 19 48  #SUP: 13163
5 22 24  #SUP: 5254
5 22 27  #SUP: 5126
5 22 37  #SUP: 5891
5 22 48  #SUP: 12226
5 24 48  #SUP: 5176
5 37 48  #SUP: 5719
7 8 9  #SUP: 11025
7 8 11  #SUP: 14069
7 8 13  #SUP: 14365
7 8 15  #SUP: 7662
7 8 17  #SUP: 10204
7 8 18  #SUP: 6197
7 8 22  #SUP: 7516
7 8 48  #SUP: 8417
7 9 11  #SUP: 10698
7 9 13  #SUP: 10580
7 9 15  #SUP: 5807
7 9 17  #SUP: 7600
7 9 22  #SUP: 5917
7 9 48  #SUP: 6435
7 11 12  #SUP: 4804
7 11 13  #SUP: 14868
7 11 15  #SUP: 7265
7 11 17  #SUP: 10147
7 11 18  #SUP: 5541
7 11 22  #SUP: 7751
7 11 48  #SUP: 8431
7 13 15  #SUP: 7385
7 13 17  #SUP: 10158
7 13 18  #SUP: 5699
7 13 22  #SUP: 7772
7 13 48  #SUP: 8538
7 15 48  #SUP: 4890
7 17 22  #SUP: 5339
7 17 48  #SUP: 5611
7 22 48  #SUP: 4784
8 9 11  #SUP: 21540
8 9 13  #SUP: 19432
8 9 15  #SUP: 12681
8 9 16  #SUP: 5125
8 9 17  #SUP: 14404
8 9 18  #SUP: 7263
8 9 19  #SUP: 13240
8 9 22  #SUP: 12214
8 9 24  #SUP: 5127
8 9 37  #SUP: 6026
8 9 44  #SUP: 5036
8 9 48  #SUP: 12483
8 11 12  #SUP: 9021
8 11 13  #SUP: 27814
8 11 15  #SUP: 17053
8 11 16  #SUP: 6996
8 11 17  #SUP: 20069
8 11 18  #SUP: 9652
8 11 19  #SUP: 19093
8 11 22  #SUP: 16743
8 11 24  #SUP: 7447
8 11 27  #SUP: 5530
8 11 37  #SUP: 8738
8 11 39  #SUP: 6217
8 11 44  #SUP: 6634
8 11 48  #SUP: 17159
8 12 13  #SUP: 7654
8 12 17  #SUP: 5508
8 12 19  #SUP: 4955
8 12 48  #SUP: 4743
8 13 15  #SUP: 15694
8 13 16  #SUP: 6580
8 13 17  #SUP: 18555
8 13 18  #SUP: 9165
8 13 19  #SUP: 16471
8 13 22  #SUP: 15312
8 13 24  #SUP: 6685
8 13 27  #SUP: 5165
8 13 37  #SUP: 8053
8 13 39  #SUP: 5864
8 13 44  #SUP: 6181
8 13 48  #SUP: 15820
8 15 17  #SUP: 9210
8 15 18  #SUP: 6899
8 15 19  #SUP: 11930
8 15 22  #SUP: 10312
8 15 48  #SUP: 10763
8 16 17  #SUP: 4645
8 16 18  #SUP: 6787
8 17 18  #SUP: 6000
8 17 19  #SUP: 12350
8 17 22  #SUP: 11054
8 17 24  #SUP: 5724
8 17 37  #SUP: 6823
8 17 39  #SUP: 5178
8 17 44  #SUP: 4856
8 17 48  #SUP: 11102
8 18 19  #SUP: 5320
8 18 48  #SUP: 5470
8 19 22  #SUP: 11383
8 19 24  #SUP: 5915
8 19 37  #SUP: 5587
8 19 48  #SUP: 11022
8 22 37  #SUP: 4858
8 22 48  #SUP: 10063
8 37 48  #SUP: 4822
9 11 13  #SUP: 21830
9 11 15  #SUP: 13547
9 11 16  #SUP: 5148
9 11 17  #SUP: 15917
9 11 18  #SUP: 7189
9 11 19  #SUP: 15346
9 11 22  #SUP: 13745
9 11 24  #SUP: 5996
9 11 37  #SUP: 6795
9 11 39  #SUP: 4846
9 11 44  #SUP: 4974
9 11 48  #SUP: 13584
9 13 15  #SUP: 12060
9 13 16  #SUP: 4657
9 13 17  #SUP: 14227
9 13 18  #SUP: 6555
9 13 19  #SUP: 12778
9 13 22  #SUP: 12163
9 13 24  #SUP: 5198
9 13 37  #SUP: 6010
9 13 48  #SUP: 12148
9 15 17  #SUP: 7288
9 15 18  #SUP: 5033
9 15 19  #SUP: 9263
9 15 22  #SUP: 8285
9 15 48  #SUP: 8304
9 16 18  #SUP: 4871
9 17 19  #SUP: 9829
9 17 22  #SUP: 8942
9 17 37  #SUP: 5180
9 17 48  #SUP: 8664
9 19 22  #SUP: 9109
9 19 24  #SUP: 4553
9 19 48  #SUP: 8525
9 22 48  #SUP: 8021
11 12 13  #SUP: 9083
11 12 15  #SUP: 5285
11 12 17  #SUP: 6616
11 12 19  #SUP: 5962
11 12 22  #SUP: 5381
11 12 48  #SUP: 5625
11 13 15  #SUP: 16980
11 13 16  #SUP: 6855
11 13 17  #SUP: 20766
11 13 18  #SUP: 9427
11 13 19  #SUP: 18705
11 13 22  #SUP: 17355
11 13 23  #SUP: 5759
11 13 24  #SUP: 7591
11 13 27  #SUP: 5698
11 13 37  #SUP: 9023
11 13 39  #SUP: 6621
11 13 44  #SUP: 6293
11 13 48  #SUP: 17441
11 15 17  #SUP: 10208
11 15 18  #SUP: 6645
11 15 19  #SUP: 13192
11 15 22  #SUP: 11282
11 15 24  #SUP: 4665
11 15 48  #SUP: 11333
11 16 17  #SUP: 4719
11 16 18  #SUP: 6667
11 17 18  #SUP: 6125
11 17 19  #SUP: 14312
11 17 22  #SUP: 12466
11 17 24  #SUP: 6531
11 17 37  #SUP: 7564
11 17 39  #SUP: 5734
11 17 44  #SUP: 4872
11 17 48  #SUP: 12312
11 18 19  #SUP: 5764
11 18 48  #SUP: 5514
11 19 22  #SUP: 13001
11 19 24  #SUP: 6613
11 19 37  #SUP: 6326
11 19 48  #SUP: 12324
11 22 24  #SUP: 4938
11 22 27  #SUP: 4711
11 22 37  #SUP: 5511
11 22 48  #SUP: 11108
11 24 48  #SUP: 4849
11 37 48  #SUP: 5331
12 13 17  #SUP: 5686
12 13 19  #SUP: 4730
12 13 48  #SUP: 4736
13 15 17  #SUP: 9210
13 15 18  #SUP: 6217
13 15 19  #SUP: 11412
13 15 22  #SUP: 10255
13 15 48  #SUP: 10373
13 16 18  #SUP: 6260
13 17 18  #SUP: 5701
13 17 19  #SUP: 12314
13 17 22  #SUP: 11314
13 17 24  #SUP: 5842
13 17 37  #SUP: 6924
13 17 39  #SUP: 5363
13 17 48  #SUP: 11231
13 18 19  #SUP: 4944
13 18 48  #SUP: 5156
13 19 22  #SUP: 11179
13 19 24  #SUP: 5695
13 19 37  #SUP: 5401
13 19 48  #SUP: 10544
13 22 37  #SUP: 4970
13 22 48  #SUP: 10095
13 37 48  #SUP: 4843
15 17 19  #SUP: 7613
15 17 22  #SUP: 6165
15 17 48  #SUP: 6072
15 19 22  #SUP: 8435
15 19 48  #SUP: 7954
15 22 48  #SUP: 7173
17 19 22  #SUP: 8431
17 19 24  #SUP: 5100
17 19 37  #SUP: 4841
17 19 48  #SUP: 7915
17 22 48  #SUP: 7033
19 22 48  #SUP: 7579
3 5 7 8  #SUP: 5059
3 5 7 11  #SUP: 4547
3 5 7 13  #SUP: 4711
3 5 7 15  #SUP: 4659
3 5 8 9  #SUP: 7021
3 5 8 11  #SUP: 9223
3 5 8 13  #SUP: 8662
3 5 8 15  #SUP: 8949
3 5 8 19  #SUP: 5914
3 5 8 22  #SUP: 5498
3 5 8 48  #SUP: 6065
3 5 9 11  #SUP: 6962
3 5 9 13  #SUP: 6295
3 5 9 15  #SUP: 6661
3 5 11 13  #SUP: 8772
3 5 11 15  #SUP: 8643
3 5 11 19  #SUP: 6113
3 5 11 22  #SUP: 5626
3 5 11 48  #SUP: 5976
3 5 13 15  #SUP: 8114
3 5 13 19  #SUP: 5283
3 5 13 22  #SUP: 5196
3 5 13 48  #SUP: 5564
3 5 15 19  #SUP: 5572
3 5 15 22  #SUP: 5337
3 5 15 48  #SUP: 5809
3 8 9 11  #SUP: 6089
3 8 9 13  #SUP: 5540
3 8 9 15  #SUP: 5901
3 8 11 13  #SUP: 7677
3 8 11 15  #SUP: 7595
3 8 11 19  #SUP: 5397
3 8 11 22  #SUP: 4836
3 8 11 48  #SUP: 5171
3 8 13 15  #SUP: 7141
3 8 13 19  #SUP: 4665
3 8 13 48  #SUP: 4830
3 8 15 19  #SUP: 4937
3 8 15 22  #SUP: 4634
3 8 15 48  #SUP: 5073
3 9 11 13  #SUP: 5847
3 9 11 15  #SUP: 5858
3 9 13 15  #SUP: 5320
3 11 13 15  #SUP: 7246
3 11 13 19  #SUP: 4937
3 11 13 22  #SUP: 4744
3 11 13 48  #SUP: 4960
3 11 15 19  #SUP: 5113
3 11 15 22  #SUP: 4733
3 11 15 48  #SUP: 4975
3 13 15 48  #SUP: 4646
4 5 8 11  #SUP: 5214
4 5 8 13  #SUP: 4866
4 5 11 13  #SUP: 5297
4 5 11 17  #SUP: 4768
4 8 11 13  #SUP: 4564
5 7 8 9  #SUP: 10892
5 7 8 11  #SUP: 13872
5 7 8 13  #SUP: 14161
5 7 8 15  #SUP: 7563
5 7 8 17  #SUP: 10086
5 7 8 18  #SUP: 6141
5 7 8 22  #SUP: 7400
5 7 8 48  #SUP: 8331
5 7 9 11  #SUP: 10464
5 7 9 13  #SUP: 10345
5 7 9 15  #SUP: 5693
5 7 9 17  #SUP: 7475
5 7 9 22  #SUP: 5778
5 7 9 48  #SUP: 6353
5 7 11 12  #SUP: 4706
5 7 11 13  #SUP: 14525
5 7 11 15  #SUP: 7099
5 7 11 17  #SUP: 9951
5 7 11 18  #SUP: 5451
5 7 11 22  #SUP: 7547
5 7 11 48  #SUP: 8310
5 7 13 15  #SUP: 7219
5 7 13 17  #SUP: 9957
5 7 13 18  #SUP: 5607
5 7 13 22  #SUP: 7568
5 7 13 48  #SUP: 8415
5 7 15 48  #SUP: 4824
5 7 17 22  #SUP: 5229
5 7 17 48  #SUP: 5543
5 7 22 48  #SUP: 4711
5 8 9 11  #SUP: 21217
5 8 9 13  #SUP: 19115
5 8 9 15  #SUP: 12491
5 8 9 16  #SUP: 5058
5 8 9 17  #SUP: 14219
5 8 9 18  #SUP: 7189
5 8 9 19  #SUP: 13037
5 8 9 22  #SUP: 12020
5 8 9 24  #SUP: 5039
5 8 9 37  #SUP: 5930
5 8 9 44  #SUP: 5029
5 8 9 48  #SUP: 12385
5 8 11 12  #SUP: 8894
5 8 11 13  #SUP: 27371
5 8 11 15  #SUP: 16788
5 8 11 16  #SUP: 6895
5 8 11 17  #SUP: 19799
5 8 11 18  #SUP: 9538
5 8 11 19  #SUP: 18813
5 8 11 22  #SUP: 16472
5 8 11 24  #SUP: 7329
5 8 11 27  #SUP: 5457
5 8 11 37  #SUP: 8601
5 8 11 39  #SUP: 6145
5 8 11 44  #SUP: 6627
5 8 11 48  #SUP: 17007
5 8 12 13  #SUP: 7539
5 8 12 17  #SUP: 5432
5 8 12 19  #SUP: 4890
5 8 12 48  #SUP: 4692
5 8 13 15  #SUP: 15433
5 8 13 16  #SUP: 6480
5 8 13 17  #SUP: 18285
5 8 13 18  #SUP: 9047
5 8 13 19  #SUP: 16198
5 8 13 22  #SUP: 15048
5 8 13 24  #SUP: 6569
5 8 13 27  #SUP: 5088
5 8 13 37  #SUP: 7915
5 8 13 39  #SUP: 5790
5 8 13 44  #SUP: 6173
5 8 13 48  #SUP: 15668
5 8 15 17  #SUP: 9079
5 8 15 18  #SUP: 6832
5 8 15 19  #SUP: 11744
5 8 15 22  #SUP: 10134
5 8 15 48  #SUP: 10677
5 8 16 17  #SUP: 4588
5 8 16 18  #SUP: 6708
5 8 17 18  #SUP: 5935
5 8 17 19  #SUP: 12184
5 8 17 22  #SUP: 10897
5 8 17 24  #SUP: 5655
5 8 17 37  #SUP: 6727
5 8 17 39  #SUP: 5124
5 8 17 44  #SUP: 4853
5 8 17 48  #SUP: 11017
5 8 18 19  #SUP: 5251
5 8 18 48  #SUP: 5432
5 8 19 22  #SUP: 11208
5 8 19 24  #SUP: 5824
5 8 19 37  #SUP: 5507
5 8 19 48  #SUP: 10946
5 8 22 37  #SUP: 4779
5 8 22 48  #SUP: 9964
5 8 37 48  #SUP: 4770
5 9 11 13  #SUP: 21352
5 9 11 15  #SUP: 13264
5 9 11 16  #SUP: 5054
5 9 11 17  #SUP: 15637
5 9 11 18  #SUP: 7074
5 9 11 19  #SUP: 15074
5 9 11 22  #SUP: 13455
5 9 11 24  #SUP: 5866
5 9 11 37  #SUP: 6657
5 9 11 39  #SUP: 4764
5 9 11 44  #SUP: 4966
5 9 11 48  #SUP: 13443
5 9 13 15  #SUP: 11788
5 9 13 16  #SUP: 4566
5 9 13 17  #SUP: 13955
5 9 13 18  #SUP: 6441
5 9 13 19  #SUP: 12521
5 9 13 22  #SUP: 11887
5 9 13 24  #SUP: 5069
5 9 13 37  #SUP: 5875
5 9 13 48  #SUP: 12009
5 9 15 17  #SUP: 7153
5 9 15 18  #SUP: 4974
5 9 15 19  #SUP: 9085
5 9 15 22  #SUP: 8097
5 9 15 48  #SUP: 8222
5 9 16 18  #SUP: 4798
5 9 17 19  #SUP: 9671
5 9 17 22  #SUP: 8784
5 9 17 37  #SUP: 5090
5 9 17 48  #SUP: 8592
5 9 19 22  #SUP: 8952
5 9 19 48  #SUP: 8461
5 9 22 48  #SUP: 7933
5 11 12 13  #SUP: 8894
5 11 12 15  #SUP: 5180
5 11 12 17  #SUP: 6493
5 11 12 19  #SUP: 5852
5 11 12 22  #SUP: 5271
5 11 12 48  #SUP: 5553
5 11 13 15  #SUP: 16599
5 11 13 16  #SUP: 6709
5 11 13 17  #SUP: 20357
5 11 13 18  #SUP: 9254
5 11 13 19  #SUP: 18337
5 11 13 22  #SUP: 16961
5 11 13 23  #SUP: 5491
5 11 13 24  #SUP: 7419
5 11 13 27  #SUP: 5586
5 11 13 37  #SUP: 8823
5 11 13 39  #SUP: 6498
5 11 13 44  #SUP: 6282
5 11 13 48  #SUP: 17229
5 11 15 17  #SUP: 10016
5 11 15 18  #SUP: 6546
5 11 15 19  #SUP: 12944
5 11 15 22  #SUP: 11029
5 11 15 24  #SUP: 4558
5 11 15 48  #SUP: 11209
5 11 16 17  #SUP: 4626
5 11 16 18  #SUP: 6551
5 11 17 18  #SUP: 6026
5 11 17 19  #SUP: 14080
5 11 17 22  #SUP: 12234
5 11 17 24  #SUP: 6428
5 11 17 37  #SUP: 7420
5 11 17 39  #SUP: 5648
5 11 17 44  #SUP: 4866
5 11 17 48  #SUP: 12187
5 11 18 19  #SUP: 5670
5 11 18 48  #SUP: 5455
5 11 19 22  #SUP: 12775
5 11 19 24  #SUP: 6489
5 11 19 37  #SUP: 6220
5 11 19 48  #SUP: 12218
5 11 22 24  #SUP: 4832
5 11 22 27  #SUP: 4617
5 11 22 37  #SUP: 5400
5 11 22 48  #SUP: 10978
5 11 24 48  #SUP: 4807
5 11 37 48  #SUP: 5265
5 12 13 17  #SUP: 5570
5 12 13 19  #SUP: 4633
5 12 13 48  #SUP: 4669
5 13 15 17  #SUP: 9025
5 13 15 18  #SUP: 6118
5 13 15 19  #SUP: 11174
5 13 15 22  #SUP: 10010
5 13 15 48  #SUP: 10251
5 13 16 18  #SUP: 6147
5 13 17 18  #SUP: 5604
5 13 17 19  #SUP: 12089
5 13 17 22  #SUP: 11082
5 13 17 24  #SUP: 5736
5 13 17 37  #SUP: 6777
5 13 17 39  #SUP: 5275
5 13 17 48  #SUP: 11107
5 13 18 19  #SUP: 4850
5 13 18 48  #SUP: 5095
5 13 19 22  #SUP: 10964
5 13 19 24  #SUP: 5575
5 13 19 37  #SUP: 5295
5 13 19 48  #SUP: 10443
5 13 22 37  #SUP: 4860
5 13 22 48  #SUP: 9972
5 13 37 48  #SUP: 4777
5 15 17 19  #SUP: 7482
5 15 17 22  #SUP: 6045
5 15 17 48  #SUP: 6011
5 15 19 22  #SUP: 8275
5 15 19 48  #SUP: 7888
5 15 22 48  #SUP: 7099
5 17 19 22  #SUP: 8298
5 17 19 24  #SUP: 5025
5 17 19 37  #SUP: 4765
5 17 19 48  #SUP: 7853
5 17 22 48  #SUP: 6959
5 19 22 48  #SUP: 7515
7 8 9 11  #SUP: 8951
7 8 9 13  #SUP: 8928
7 8 9 15  #SUP: 5013
7 8 9 17  #SUP: 6522
7 8 9 22  #SUP: 4858
7 8 9 48  #SUP: 5408
7 8 11 13  #SUP: 12439
7 8 11 15  #SUP: 6151
7 8 11 17  #SUP: 8563
7 8 11 18  #SUP: 4872
7 8 11 22  #SUP: 6243
7 8 11 48  #SUP: 6954
7 8 13 15  #SUP: 6274
7 8 13 17  #SUP: 8631
7 8 13 18  #SUP: 5053
7 8 13 22  #SUP: 6295
7 8 13 48  #SUP: 7102
7 8 17 48  #SUP: 4684
7 9 11 13  #SUP: 9398
7 9 11 15  #SUP: 4718
7 9 11 17  #SUP: 6475
7 9 11 22  #SUP: 5008
7 9 11 48  #SUP: 5394
7 9 13 15  #SUP: 4677
7 9 13 17  #SUP: 6353
7 9 13 22  #SUP: 4897
7 9 13 48  #SUP: 5374
7 11 13 15  #SUP: 6369
7 11 13 17  #SUP: 9109
7 11 13 18  #SUP: 4852
7 11 13 22  #SUP: 6880
7 11 13 48  #SUP: 7536
7 11 17 22  #SUP: 4594
7 11 17 48  #SUP: 4857
7 13 17 22  #SUP: 4557
7 13 17 48  #SUP: 4855
8 9 11 13  #SUP: 18000
8 9 11 15  #SUP: 11246
8 9 11 17  #SUP: 12992
8 9 11 18  #SUP: 6133
8 9 11 19  #SUP: 12589
8 9 11 22  #SUP: 11038
8 9 11 24  #SUP: 4899
8 9 11 37  #SUP: 5572
8 9 11 48  #SUP: 11192
8 9 13 15  #SUP: 10059
8 9 13 17  #SUP: 11696
8 9 13 18  #SUP: 5658
8 9 13 19  #SUP: 10504
8 9 13 22  #SUP: 9789
8 9 13 37  #SUP: 4940
8 9 13 48  #SUP: 10063
8 9 15 17  #SUP: 5967
8 9 15 19  #SUP: 7668
8 9 15 22  #SUP: 6758
8 9 15 48  #SUP: 6962
8 9 17 19  #SUP: 7882
8 9 17 22  #SUP: 7161
8 9 17 48  #SUP: 7102
8 9 19 22  #SUP: 7356
8 9 19 48  #SUP: 7075
8 9 22 48  #SUP: 6512
8 11 12 13  #SUP: 7590
8 11 12 17  #SUP: 5461
8 11 12 19  #SUP: 4920
8 11 12 48  #SUP: 4685
8 11 13 15  #SUP: 14091
8 11 13 16  #SUP: 5865
8 11 13 17  #SUP: 17041
8 11 13 18  #SUP: 8041
8 11 13 19  #SUP: 15375
8 11 13 22  #SUP: 13939
8 11 13 24  #SUP: 6250
8 11 13 27  #SUP: 4667
8 11 13 37  #SUP: 7444
8 11 13 39  #SUP: 5411
8 11 13 44  #SUP: 5427
8 11 13 48  #SUP: 14371
8 11 15 17  #SUP: 8298
8 11 15 18  #SUP: 5737
8 11 15 19  #SUP: 10902
8 11 15 22  #SUP: 9139
8 11 15 48  #SUP: 9417
8 11 16 18  #SUP: 5733
8 11 17 18  #SUP: 5158
8 11 17 19  #SUP: 11506
8 11 17 22  #SUP: 9909
8 11 17 24  #SUP: 5350
8 11 17 37  #SUP: 6225
8 11 17 39  #SUP: 4664
8 11 17 48  #SUP: 10016
8 11 18 19  #SUP: 4780
8 11 18 48  #SUP: 4650
8 11 19 22  #SUP: 10500
8 11 19 24  #SUP: 5544
8 11 19 37  #SUP: 5183
8 11 19 48  #SUP: 10205
8 11 22 48  #SUP: 8968
8 12 13 17  #SUP: 4692
8 13 15 17  #SUP: 7504
8 13 15 18  #SUP: 5405
8 13 15 19  #SUP: 9420
8 13 15 22  #SUP: 8285
8 13 15 48  #SUP: 8622
8 13 16 18  #SUP: 5409
8 13 17 18  #SUP: 4844
8 13 17 19  #SUP: 9924
8 13 17 22  #SUP: 9033
8 13 17 24  #SUP: 4799
8 13 17 37  #SUP: 5729
8 13 17 48  #SUP: 9173
8 13 19 22  #SUP: 9017
8 13 19 24  #SUP: 4782
8 13 19 48  #SUP: 8718
8 13 22 48  #SUP: 8155
8 15 17 19  #SUP: 6096
8 15 17 22  #SUP: 4873
8 15 17 48  #SUP: 4944
8 15 19 22  #SUP: 6880
8 15 19 48  #SUP: 6604
8 15 22 48  #SUP: 5889
8 17 19 22  #SUP: 6652
8 17 19 48  #SUP: 6418
8 17 22 48  #SUP: 5603
8 19 22 48  #SUP: 6177
9 11 13 15  #SUP: 11248
9 11 13 17  #SUP: 13468
9 11 13 18  #SUP: 5953
9 11 13 19  #SUP: 12432
9 11 13 22  #SUP: 11480
9 11 13 24  #SUP: 5059
9 11 13 37  #SUP: 5765
9 11 13 48  #SUP: 11410
9 11 15 17  #SUP: 6750
9 11 15 19  #SUP: 8829
9 11 15 22  #SUP: 7594
9 11 15 48  #SUP: 7496
9 11 17 19  #SUP: 9442
9 11 17 22  #SUP: 8252
9 11 17 37  #SUP: 4859
9 11 17 48  #SUP: 8008
9 11 19 22  #SUP: 8737
9 11 19 48  #SUP: 8190
9 11 22 48  #SUP: 7367
9 13 15 17  #SUP: 5934
9 13 15 19  #SUP: 7383
9 13 15 22  #SUP: 6700
9 13 15 48  #SUP: 6651
9 13 17 19  #SUP: 7874
9 13 17 22  #SUP: 7293
9 13 17 48  #SUP: 7147
9 13 19 22  #SUP: 7266
9 13 19 48  #SUP: 6774
9 13 22 48  #SUP: 6497
9 15 17 19  #SUP: 4932
9 15 19 22  #SUP: 5512
9 15 19 48  #SUP: 5141
9 15 22 48  #SUP: 4700
9 17 19 22  #SUP: 5504
9 17 19 48  #SUP: 5069
9 17 22 48  #SUP: 4552
9 19 22 48  #SUP: 4929
11 12 13 17  #SUP: 5657
11 12 13 19  #SUP: 4711
11 12 13 48  #SUP: 4695
11 13 15 17  #SUP: 8558
11 13 15 18  #SUP: 5462
11 13 15 19  #SUP: 10611
11 13 15 22  #SUP: 9360
11 13 15 48  #SUP: 9397
11 13 16 18  #SUP: 5582
11 13 17 18  #SUP: 5158
11 13 17 19  #SUP: 11657
11 13 17 22  #SUP: 10507
11 13 17 24  #SUP: 5519
11 13 17 37  #SUP: 6487
11 13 17 39  #SUP: 4999
11 13 17 48  #SUP: 10468
11 13 18 19  #SUP: 4575
11 13 18 48  #SUP: 4617
11 13 19 22  #SUP: 10475
11 13 19 24  #SUP: 5369
11 13 19 37  #SUP: 5104
11 13 19 48  #SUP: 9905
11 13 22 37  #SUP: 4636
11 13 22 48  #SUP: 9272
11 13 37 48  #SUP: 4530
11 15 17 19  #SUP: 7099
11 15 17 22  #SUP: 5643
11 15 17 48  #SUP: 5541
11 15 19 22  #SUP: 7785
11 15 19 48  #SUP: 7315
11 15 22 48  #SUP: 6414
11 17 19 22  #SUP: 7872
11 17 19 24  #SUP: 4821
11 17 19 37  #SUP: 4539
11 17 19 48  #SUP: 7455
11 17 22 48  #SUP: 6414
11 19 22 48  #SUP: 7038
13 15 17 19  #SUP: 6128
13 15 17 22  #SUP: 5049
13 15 17 48  #SUP: 4987
13 15 19 22  #SUP: 6731
13 15 19 48  #SUP: 6314
13 15 22 48  #SUP: 5795
13 17 19 22  #SUP: 6757
13 17 19 48  #SUP: 6376
13 17 22 48  #SUP: 5791
13 19 22 48  #SUP: 5998
15 19 22 48  #SUP: 4791
3 5 8 9 11  #SUP: 5997
3 5 8 9 13  #SUP: 5450
3 5 8 9 15  #SUP: 5820
3 5 8 11 13  #SUP: 7553
3 5 8 11 15  #SUP: 7482
3 5 8 11 19  #SUP: 5317
3 5 8 11 22  #SUP: 4749
3 5 8 11 48  #SUP: 5127
3 5 8 13 15  #SUP: 7027
3 5 8 13 19  #SUP: 4586
3 5 8 13 48  #SUP: 4787
3 5 8 15 19  #SUP: 4859
3 5 8 15 22  #SUP: 4550
3 5 8 15 48  #SUP: 5036
3 5 9 11 13  #SUP: 5711
3 5 9 11 15  #SUP: 5741
3 5 9 13 15  #SUP: 5206
3 5 11 13 15  #SUP: 7088
3 5 11 13 19  #SUP: 4840
3 5 11 13 22  #SUP: 4627
3 5 11 13 48  #SUP: 4903
3 5 11 15 19  #SUP: 5019
3 5 11 15 22  #SUP: 4621
3 5 11 15 48  #SUP: 4927
3 5 13 15 48  #SUP: 4598
3 8 9 11 13  #SUP: 4982
3 8 9 11 15  #SUP: 5019
3 8 9 13 15  #SUP: 4579
3 8 11 13 15  #SUP: 6200
3 9 11 13 15  #SUP: 4808
5 7 8 9 11  #SUP: 8824
5 7 8 9 13  #SUP: 8799
5 7 8 9 15  #SUP: 4949
5 7 8 9 17  #SUP: 6452
5 7 8 9 22  #SUP: 4782
5 7 8 9 48  #SUP: 5353
5 7 8 11 13  #SUP: 12250
5 7 8 11 15  #SUP: 6057
5 7 8 11 17  #SUP: 8452
5 7 8 11 18  #SUP: 4821
5 7 8 11 22  #SUP: 6132
5 7 8 11 48  #SUP: 6875
5 7 8 13 15  #SUP: 6181
5 7 8 13 17  #SUP: 8516
5 7 8 13 18  #SUP: 4999
5 7 8 13 22  #SUP: 6185
5 7 8 13 48  #SUP: 7021
5 7 8 17 48  #SUP: 4642
5 7 9 11 13  #SUP: 9171
5 7 9 11 15  #SUP: 4608
5 7 9 11 17  #SUP: 6352
5 7 9 11 22  #SUP: 4871
5 7 9 11 48  #SUP: 5316
5 7 9 13 15  #SUP: 4567
5 7 9 13 17  #SUP: 6229
5 7 9 13 22  #SUP: 4764
5 7 9 13 48  #SUP: 5297
5 7 11 13 15  #SUP: 6212
5 7 11 13 17  #SUP: 8917
5 7 11 13 18  #SUP: 4766
5 7 11 13 22  #SUP: 6686
5 7 11 13 48  #SUP: 7422
5 7 11 17 48  #SUP: 4791
5 7 13 17 48  #SUP: 4789
5 8 9 11 13  #SUP: 17695
5 8 9 11 15  #SUP: 11064
5 8 9 11 17  #SUP: 12810
5 8 9 11 18  #SUP: 6063
5 8 9 11 19  #SUP: 12393
5 8 9 11 22  #SUP: 10849
5 8 9 11 24  #SUP: 4817
5 8 9 11 37  #SUP: 5479
5 8 9 11 48  #SUP: 11099
5 8 9 13 15  #SUP: 9881
5 8 9 13 17  #SUP: 11517
5 8 9 13 18  #SUP: 5588
5 8 9 13 19  #SUP: 10316
5 8 9 13 22  #SUP: 9608
5 8 9 13 37  #SUP: 4849
5 8 9 13 48  #SUP: 9968
5 8 9 15 17  #SUP: 5877
5 8 9 15 19  #SUP: 7542
5 8 9 15 22  #SUP: 6634
5 8 9 15 48  #SUP: 6909
5 8 9 17 19  #SUP: 7767
5 8 9 17 22  #SUP: 7055
5 8 9 17 48  #SUP: 7057
5 8 9 19 22  #SUP: 7238
5 8 9 19 48  #SUP: 7032
5 8 9 22 48  #SUP: 6448
5 8 11 12 13  #SUP: 7475
5 8 11 12 17  #SUP: 5385
5 8 11 12 19  #SUP: 4855
5 8 11 12 48  #SUP: 4634
5 8 11 13 15  #SUP: 13847
5 8 11 13 16  #SUP: 5770
5 8 11 13 17  #SUP: 16783
5 8 11 13 18  #SUP: 7933
5 8 11 13 19  #SUP: 15121
5 8 11 13 22  #SUP: 13693
5 8 11 13 24  #SUP: 6142
5 8 11 13 27  #SUP: 4599
5 8 11 13 37  #SUP: 7317
5 8 11 13 39  #SUP: 5342
5 8 11 13 44  #SUP: 5421
5 8 11 13 48  #SUP: 14228
5 8 11 15 17  #SUP: 8172
5 8 11 15 18  #SUP: 5675
5 8 11 15 19  #SUP: 10731
5 8 11 15 22  #SUP: 8975
5 8 11 15 48  #SUP: 9337
5 8 11 16 18  #SUP: 5659
5 8 11 17 18  #SUP: 5097
5 8 11 17 19  #SUP: 11347
5 8 11 17 22  #SUP: 9760
5 8 11 17 24  #SUP: 5286
5 8 11 17 37  #SUP: 6135
5 8 11 17 39  #SUP: 4613
5 8 11 17 48  #SUP: 9934
5 8 11 18 19  #SUP: 4717
5 8 11 18 48  #SUP: 4614
5 8 11 19 22  #SUP: 10340
5 8 11 19 24  #SUP: 5459
5 8 11 19 37  #SUP: 5109
5 8 11 19 48  #SUP: 10132
5 8 11 22 48  #SUP: 8874
5 8 12 13 17  #SUP: 4621
5 8 13 15 17  #SUP: 7382
5 8 13 15 18  #SUP: 5343
5 8 13 15 19  #SUP: 9252
5 8 13 15 22  #SUP: 8124
5 8 13 15 48  #SUP: 8542
5 8 13 16 18  #SUP: 5336
5 8 13 17 18  #SUP: 4784
5 8 13 17 19  #SUP: 9769
5 8 13 17 22  #SUP: 8883
5 8 13 17 24  #SUP: 4733
5 8 13 17 37  #SUP: 5638
5 8 13 17 48  #SUP: 9091
5 8 13 19 22  #SUP: 8863
5 8 13 19 24  #SUP: 4700
5 8 13 19 48  #SUP: 8647
5 8 13 22 48  #SUP: 8065
5 8 15 17 19  #SUP: 6005
5 8 15 17 22  #SUP: 4793
5 8 15 17 48  #SUP: 4905
5 8 15 19 22  #SUP: 6762
5 8 15 19 48  #SUP: 6560
5 8 15 22 48  #SUP: 5837
5 8 17 19 22  #SUP: 6557
5 8 17 19 48  #SUP: 6375
5 8 17 22 48  #SUP: 5553
5 8 19 22 48  #SUP: 6130
5 9 11 13 15  #SUP: 10984
5 9 11 13 17  #SUP: 13199
5 9 11 13 18  #SUP: 5843
5 9 11 13 19  #SUP: 12181
5 9 11 13 22  #SUP: 11210
5 9 11 13 24  #SUP: 4937
5 9 11 13 37  #SUP: 5634
5 9 11 13 48  #SUP: 11276
5 9 11 15 17  #SUP: 6616
5 9 11 15 19  #SUP: 8656
5 9 11 15 22  #SUP: 7411
5 9 11 15 48  #SUP: 7417
5 9 11 17 19  #SUP: 9285
5 9 11 17 22  #SUP: 8095
5 9 11 17 37  #SUP: 4770
5 9 11 17 48  #SUP: 7937
5 9 11 19 22  #SUP: 8584
5 9 11 19 48  #SUP: 8127
5 9 11 22 48  #SUP: 7280
5 9 13 15 17  #SUP: 5807
5 9 13 15 19  #SUP: 7221
5 9 13 15 22  #SUP: 6526
5 9 13 15 48  #SUP: 6574
5 9 13 17 19  #SUP: 7726
5 9 13 17 22  #SUP: 7140
5 9 13 17 48  #SUP: 7077
5 9 13 19 22  #SUP: 7123
5 9 13 19 48  #SUP: 6712
5 9 13 22 48  #SUP: 6416
5 9 15 17 19  #SUP: 4840
5 9 15 19 22  #SUP: 5402
5 9 15 19 48  #SUP: 5103
5 9 15 22 48  #SUP: 4646
5 9 17 19 22  #SUP: 5413
5 9 17 19 48  #SUP: 5034
5 9 19 22 48  #SUP: 4891
5 11 12 13 17  #SUP: 5541
5 11 12 13 19  #SUP: 4614
5 11 12 13 48  #SUP: 4628
5 11 13 15 17  #SUP: 8377
5 11 13 15 18  #SUP: 5370
5 11 13 15 19  #SUP: 10387
5 11 13 15 22  #SUP: 9130
5 11 13 15 48  #SUP: 9282
5 11 13 16 18  #SUP: 5474
5 11 13 17 18  #SUP: 5066
5 11 13 17 19  #SUP: 11440
5 11 13 17 22  #SUP: 10283
5 11 13 17 24  #SUP: 5419
5 11 13 17 37  #SUP: 6350
5 11 13 17 39  #SUP: 4914
5 11 13 17 48  #SUP: 10348
5 11 13 18 48  #SUP: 4559
5 11 13 19 22  #SUP: 10275
5 11 13 19 24  #SUP: 5256
5 11 13 19 37  #SUP: 5007
5 11 13 19 48  #SUP: 9807
5 11 13 22 37  #SUP: 4534
5 11 13 22 48  #SUP: 9155
5 11 15 17 19  #SUP: 6974
5 11 15 17 22  #SUP: 5527
5 11 15 17 48  #SUP: 5482
5 11 15 19 22  #SUP: 7637
5 11 15 19 48  #SUP: 7252
5 11 15 22 48  #SUP: 6344
5 11 17 19 22  #SUP: 7747
5 11 17 19 24  #SUP: 4750
5 11 17 19 48  #SUP: 7396
5 11 17 22 48  #SUP: 6343
5 11 19 22 48  #SUP: 6977
5 13 15 17 19  #SUP: 6008
5 13 15 17 22  #SUP: 4936
5 13 15 17 48  #SUP: 4930
5 13 15 19 22  #SUP: 6590
5 13 15 19 48  #SUP: 6254
5 13 15 22 48  #SUP: 5730
5 13 17 19 22  #SUP: 6634
5 13 17 19 48  #SUP: 6318
5 13 17 22 48  #SUP: 5721
5 13 19 22 48  #SUP: 5942
5 15 19 22 48  #SUP: 4750
7 8 9 11 13  #SUP: 7798
7 8 9 11 17  #SUP: 5445
7 8 9 13 17  #SUP: 5378
7 8 11 13 15  #SUP: 5355
7 8 11 13 17  #SUP: 7655
7 8 11 13 22  #SUP: 5514
7 8 11 13 48  #SUP: 6198
7 9 11 13 17  #SUP: 5771
7 9 11 13 48  #SUP: 4799
8 9 11 13 15  #SUP: 9302
8 9 11 13 17  #SUP: 10989
8 9 11 13 18  #SUP: 5081
8 9 11 13 19  #SUP: 10202
8 9 11 13 22  #SUP: 9171
8 9 11 13 37  #SUP: 4720
8 9 11 13 48  #SUP: 9374
8 9 11 15 17  #SUP: 5469
8 9 11 15 19  #SUP: 7275
8 9 11 15 22  #SUP: 6120
8 9 11 15 48  #SUP: 6211
8 9 11 17 19  #SUP: 7547
8 9 11 17 22  #SUP: 6534
8 9 11 17 48  #SUP: 6489
8 9 11 19 22  #SUP: 7032
8 9 11 19 48  #SUP: 6778
8 9 11 22 48  #SUP: 5915
8 9 13 15 17  #SUP: 4832
8 9 13 15 19  #SUP: 6088
8 9 13 15 22  #SUP: 5403
8 9 13 15 48  #SUP: 5535
8 9 13 17 19  #SUP: 6318
8 9 13 17 22  #SUP: 5800
8 9 13 17 48  #SUP: 5825
8 9 13 19 22  #SUP: 5837
8 9 13 19 48  #SUP: 5607
8 9 13 22 48  #SUP: 5231
8 11 12 13 17  #SUP: 4665
8 11 13 15 17  #SUP: 6947
8 11 13 15 18  #SUP: 4707
8 11 13 15 19  #SUP: 8736
8 11 13 15 22  #SUP: 7529
8 11 13 15 48  #SUP: 7773
8 11 13 16 18  #SUP: 4787
8 11 13 17 19  #SUP: 9386
8 11 13 17 22  #SUP: 8342
8 11 13 17 24  #SUP: 4527
8 11 13 17 37  #SUP: 5346
8 11 13 17 48  #SUP: 8501
8 11 13 19 22  #SUP: 8425
8 11 13 19 48  #SUP: 8173
8 11 13 22 48  #SUP: 7454
8 11 15 17 19  #SUP: 5669
8 11 15 19 22  #SUP: 6319
8 11 15 19 48  #SUP: 6060
8 11 15 22 48  #SUP: 5234
8 11 17 19 22  #SUP: 6185
8 11 17 19 48  #SUP: 6034
8 11 17 22 48  #SUP: 5070
8 11 19 22 48  #SUP: 5723
8 13 15 17 19  #SUP: 4889
8 13 15 19 22  #SUP: 5447
8 13 15 19 48  #SUP: 5206
8 13 15 22 48  #SUP: 4712
8 13 17 19 22  #SUP: 5310
8 13 17 19 48  #SUP: 5155
8 13 17 22 48  #SUP: 4585
8 13 19 22 48  #SUP: 4855
9 11 13 15 17  #SUP: 5667
9 11 13 15 19  #SUP: 7167
9 11 13 15 22  #SUP: 6319
9 11 13 15 48  #SUP: 6221
9 11 13 17 19  #SUP: 7697
9 11 13 17 22  #SUP: 6950
9 11 13 17 48  #SUP: 6808
9 11 13 19 22  #SUP: 7082
9 11 13 19 48  #SUP: 6611
9 11 13 22 48  #SUP: 6146
9 11 15 17 19  #SUP: 4743
9 11 15 19 22  #SUP: 5291
9 11 15 19 48  #SUP: 4916
9 11 17 19 22  #SUP: 5289
9 11 17 19 48  #SUP: 4904
9 11 19 22 48  #SUP: 4747
11 13 15 17 19  #SUP: 5788
11 13 15 17 22  #SUP: 4710
11 13 15 17 48  #SUP: 4649
11 13 15 19 22  #SUP: 6277
11 13 15 19 48  #SUP: 5877
11 13 15 22 48  #SUP: 5287
11 13 17 19 22  #SUP: 6390
11 13 17 19 48  #SUP: 6069
11 13 17 22 48  #SUP: 5418
11 13 19 22 48  #SUP: 5629
3 5 8 9 11 13  #SUP: 4897
3 5 8 9 11 15  #SUP: 4944
3 5 8 11 13 15  #SUP: 6098
3 5 9 11 13 15  #SUP: 4699
5 7 8 9 11 13  #SUP: 7675
5 7 8 9 11 17  #SUP: 5377
5 7 8 9 13 17  #SUP: 5308
5 7 8 11 13 15  #SUP: 5267
5 7 8 11 13 17  #SUP: 7547
5 7 8 11 13 22  #SUP: 5409
5 7 8 11 13 48  #SUP: 6124
5 7 9 11 13 17  #SUP: 5649
5 7 9 11 13 48  #SUP: 4726
5 8 9 11 13 15  #SUP: 9131
5 8 9 11 13 17  #SUP: 10813
5 8 9 11 13 18  #SUP: 5014
5 8 9 11 13 19  #SUP: 10020
5 8 9 11 13 22  #SUP: 8995
5 8 9 11 13 37  #SUP: 4632
5 8 9 11 13 48  #SUP: 9284
5 8 9 11 15 17  #SUP: 5380
5 8 9 11 15 19  #SUP: 7154
5 8 9 11 15 22  #SUP: 6001
5 8 9 11 15 48  #SUP: 6161
5 8 9 11 17 19  #SUP: 7433
5 8 9 11 17 22  #SUP: 6429
5 8 9 11 17 48  #SUP: 6445
5 8 9 11 19 22  #SUP: 6918
5 8 9 11 19 48  #SUP: 6736
5 8 9 11 22 48  #SUP: 5852
5 8 9 13 15 17  #SUP: 4746
5 8 9 13 15 19  #SUP: 5971
5 8 9 13 15 22  #SUP: 5287
5 8 9 13 15 48  #SUP: 5484
5 8 9 13 17 19  #SUP: 6209
5 8 9 13 17 22  #SUP: 5696
5 8 9 13 17 48  #SUP: 5780
5 8 9 13 19 22  #SUP: 5728
5 8 9 13 19 48  #SUP: 5564
5 8 9 13 22 48  #SUP: 5170
5 8 11 12 13 17  #SUP: 4594
5 8 11 13 15 17  #SUP: 6828
5 8 11 13 15 18  #SUP: 4649
5 8 11 13 15 19  #SUP: 8580
5 8 11 13 15 22  #SUP: 7380
5 8 11 13 15 48  #SUP: 7698
5 8 11 13 16 18  #SUP: 4718
5 8 11 13 17 19  #SUP: 9236
5 8 11 13 17 22  #SUP: 8198
5 8 11 13 17 37  #SUP: 5261
5 8 11 13 17 48  #SUP: 8421
5 8 11 13 19 22  #SUP: 8284
5 8 11 13 19 48  #SUP: 8104
5 8 11 13 22 48  #SUP: 7368
5 8 11 15 17 19  #SUP: 5583
5 8 11 15 19 22  #SUP: 6213
5 8 11 15 19 48  #SUP: 6018
5 8 11 15 22 48  #SUP: 5185
5 8 11 17 19 22  #SUP: 6096
5 8 11 17 19 48  #SUP: 5993
5 8 11 17 22 48  #SUP: 5022
5 8 11 19 22 48  #SUP: 5679
5 8 13 15 17 19  #SUP: 4805
5 8 13 15 19 22  #SUP: 5342
5 8 13 15 19 48  #SUP: 5165
5 8 13 15 22 48  #SUP: 4665
5 8 13 17 19 22  #SUP: 5221
5 8 13 17 19 48  #SUP: 5113
5 8 13 17 22 48  #SUP: 4537
5 8 13 19 22 48  #SUP: 4813
5 9 11 13 15 17  #SUP: 5541
5 9 11 13 15 19  #SUP: 7009
5 9 11 13 15 22  #SUP: 6150
5 9 11 13 15 48  #SUP: 6147
5 9 11 13 17 19  #SUP: 7550
5 9 11 13 17 22  #SUP: 6798
5 9 11 13 17 48  #SUP: 6739
5 9 11 13 19 22  #SUP: 6943
5 9 11 13 19 48  #SUP: 6550
5 9 11 13 22 48  #SUP: 6066
5 9 11 15 17 19  #SUP: 4652
5 9 11 15 19 22  #SUP: 5185
5 9 11 15 19 48  #SUP: 4879
5 9 11 17 19 22  #SUP: 5199
5 9 11 17 19 48  #SUP: 4869
5 9 11 19 22 48  #SUP: 4710
5 11 13 15 17 19  #SUP: 5672
5 11 13 15 17 22  #SUP: 4599
5 11 13 15 17 48  #SUP: 4593
5 11 13 15 19 22  #SUP: 6146
5 11 13 15 19 48  #SUP: 5819
5 11 13 15 22 48  #SUP: 5225
5 11 13 17 19 22  #SUP: 6272
5 11 13 17 19 48  #SUP: 6013
5 11 13 17 22 48  #SUP: 5350
5 11 13 19 22 48  #SUP: 5575
7 8 9 11 13 17  #SUP: 4819
8 9 11 13 15 17  #SUP: 4589
8 9 11 13 15 19  #SUP: 5896
8 9 11 13 15 22  #SUP: 5058
8 9 11 13 15 48  #SUP: 5139
8 9 11 13 17 19  #SUP: 6170
8 9 11 13 17 22  #SUP: 5493
8 9 11 13 17 48  #SUP: 5509
8 9 11 13 19 22  #SUP: 5684
8 9 11 13 19 48  #SUP: 5466
8 9 11 13 22 48  #SUP: 4915
8 11 13 15 17 19  #SUP: 4618
8 11 13 15 19 22  #SUP: 5065
8 11 13 15 19 48  #SUP: 4840
8 11 13 17 19 22  #SUP: 5014
8 11 13 17 19 48  #SUP: 4903
8 11 13 19 22 48  #SUP: 4550
5 7 8 9 11 13 17  #SUP: 4751
5 8 9 11 13 15 19  #SUP: 5783
5 8 9 11 13 15 22  #SUP: 4947
5 8 9 11 13 15 48  #SUP: 5091
5 8 9 11 13 17 19  #SUP: 6062
5 8 9 11 13 17 22  #SUP: 5390
5 8 9 11 13 17 48  #SUP: 5465
5 8 9 11 13 19 22  #SUP: 5579
5 8 9 11 13 19 48  #SUP: 5424
5 8 9 11 13 22 48  #SUP: 4855
5 8 11 13 15 17 19  #SUP: 4537
5 8 11 13 15 19 22  #SUP: 4970
5 8 11 13 15 19 48  #SUP: 4800
5 8 11 13 17 19 22  #SUP: 4929
5 8 11 13 17 19 48  #SUP: 4862
