16 #SUP: 9458
5 16 #SUP: 9294
24 #SUP: 9732
5 24 #SUP: 9531
12 #SUP: 10883
8 12 #SUP: 9127
12 13 #SUP: 9153
11 12 13 #SUP: 9083
5 12 #SUP: 10675
11 12 #SUP: 10766
5 11 12 #SUP: 10558
37 #SUP: 11655
8 37 #SUP: 9683
5 8 37 #SUP: 9535
13 37 #SUP: 9714
5 13 37 #SUP: 9496
11 37 #SUP: 10592
5 11 37 #SUP: 10379
5 37 #SUP: 11423
3 #SUP: 12790
3 13 #SUP: 10211
3 5 13 #SUP: 9994
3 15 #SUP: 10421
3 8 15 #SUP: 9075
3 5 15 #SUP: 10231
3 11 #SUP: 10878
3 5 11 #SUP: 10660
3 8 #SUP: 11127
3 8 11 #SUP: 9362
3 5 8 11 #SUP: 9223
3 5 8 #SUP: 10973
3 5 #SUP: 12551
18 #SUP: 13301
13 18 #SUP: 10643
8 13 18 #SUP: 9165
5 8 13 18 #SUP: 9047
11 13 18 #SUP: 9427
5 11 13 18 #SUP: 9254
5 13 18 #SUP: 10457
11 18 #SUP: 11305
5 11 18 #SUP: 11121
8 18 #SUP: 11517
8 11 18 #SUP: 9652
5 8 11 18 #SUP: 9538
5 8 18 #SUP: 11392
5 18 #SUP: 13103
7 #SUP: 20081
7 22 #SUP: 9164
7 48 #SUP: 10016
5 7 48 #SUP: 9886
7 17 #SUP: 11893
7 11 17 #SUP: 10147
5 7 11 17 #SUP: 9951
7 13 17 #SUP: 10158
7 11 13 17 #SUP: 9109
5 7 13 17 #SUP: 9957
7 8 17 #SUP: 10204
5 7 8 17 #SUP: 10086
5 7 17 #SUP: 11688
7 9 #SUP: 12859
7 9 13 #SUP: 10580
7 9 11 13 #SUP: 9398
5 7 9 11 13 #SUP: 9171
5 7 9 13 #SUP: 10345
7 9 11 #SUP: 10698
5 7 9 11 #SUP: 10464
7 8 9 #SUP: 11025
5 7 8 9 #SUP: 10892
5 7 9 #SUP: 12617
7 11 #SUP: 16727
5 7 11 #SUP: 16370
7 13 #SUP: 16969
7 8 13 #SUP: 14365
7 8 11 13 #SUP: 12439
5 7 8 11 13 #SUP: 12250
5 7 8 13 #SUP: 14161
7 11 13 #SUP: 14868
5 7 11 13 #SUP: 14525
5 7 13 #SUP: 16603
7 8 #SUP: 17204
7 8 11 #SUP: 14069
5 7 8 11 #SUP: 13872
5 7 8 #SUP: 16992
5 7 #SUP: 19701
22 #SUP: 23202
22 48 #SUP: 12363
8 22 48 #SUP: 10063
5 8 22 48 #SUP: 9964
13 22 48 #SUP: 10095
11 13 22 48 #SUP: 9272
5 11 13 22 48 #SUP: 9155
5 13 22 48 #SUP: 9972
11 22 48 #SUP: 11108
5 11 22 48 #SUP: 10978
5 22 48 #SUP: 12226
15 22 #SUP: 12623
13 15 22 #SUP: 10255
11 13 15 22 #SUP: 9360
5 11 13 15 22 #SUP: 9130
5 13 15 22 #SUP: 10010
8 15 22 #SUP: 10312
8 11 15 22 #SUP: 9139
5 8 15 22 #SUP: 10134
11 15 22 #SUP: 11282
5 11 15 22 #SUP: 11029
5 15 22 #SUP: 12353
17 22 #SUP: 13770
8 17 22 #SUP: 11054
8 11 17 22 #SUP: 9909
5 8 11 17 22 #SUP: 9760
5 8 17 22 #SUP: 10897
13 17 22 #SUP: 11314
11 13 17 22 #SUP: 10507
5 11 13 17 22 #SUP: 10283
5 13 17 22 #SUP: 11082
11 17 22 #SUP: 12466
5 11 17 22 #SUP: 12234
5 17 22 #SUP: 13527
19 22 #SUP: 14038
9 19 22 #SUP: 9109
13 19 22 #SUP: 11179
11 13 19 22 #SUP: 10475
5 11 13 19 22 #SUP: 10275
5 13 19 22 #SUP: 10964
8 19 22 #SUP: 11383
8 11 19 22 #SUP: 10500
5 8 11 19 22 #SUP: 10340
5 8 19 22 #SUP: 11208
11 19 22 #SUP: 13001
5 11 19 22 #SUP: 12775
5 19 22 #SUP: 13794
9 22 #SUP: 15026
9 13 22 #SUP: 12163
8 9 13 22 #SUP: 9789
8 9 11 13 22 #SUP: 9171
5 8 9 13 22 #SUP: 9608
9 11 13 22 #SUP: 11480
5 9 11 13 22 #SUP: 11210
5 9 13 22 #SUP: 11887
8 9 22 #SUP: 12214
8 9 11 22 #SUP: 11038
5 8 9 11 22 #SUP: 10849
5 8 9 22 #SUP: 12020
9 11 22 #SUP: 13745
5 9 11 22 #SUP: 13455
5 9 22 #SUP: 14730
8 22 #SUP: 18899
8 11 22 #SUP: 16743
5 8 11 22 #SUP: 16472
5 8 22 #SUP: 18608
13 22 #SUP: 18951
8 13 22 #SUP: 15312
8 11 13 22 #SUP: 13939
5 8 11 13 22 #SUP: 13693
5 8 13 22 #SUP: 15048
11 13 22 #SUP: 17355
5 11 13 22 #SUP: 16961
5 13 22 #SUP: 18532
11 22 #SUP: 20752
5 11 22 #SUP: 20322
5 22 #SUP: 22744
15 #SUP: 23265
15 17 #SUP: 11243
13 15 17 #SUP: 9210
8 15 17 #SUP: 9210
5 8 15 17 #SUP: 9079
11 15 17 #SUP: 10208
5 11 15 17 #SUP: 10016
5 15 17 #SUP: 11045
15 48 #SUP: 12844
13 15 48 #SUP: 10373
11 13 15 48 #SUP: 9397
5 11 13 15 48 #SUP: 9282
5 13 15 48 #SUP: 10251
8 15 48 #SUP: 10763
8 11 15 48 #SUP: 9417
5 8 11 15 48 #SUP: 9337
5 8 15 48 #SUP: 10677
11 15 48 #SUP: 11333
5 11 15 48 #SUP: 11209
5 15 48 #SUP: 12712
15 19 #SUP: 14372
9 15 19 #SUP: 9263
5 9 15 19 #SUP: 9085
13 15 19 #SUP: 11412
8 13 15 19 #SUP: 9420
5 8 13 15 19 #SUP: 9252
11 13 15 19 #SUP: 10611
5 11 13 15 19 #SUP: 10387
5 13 15 19 #SUP: 11174
8 15 19 #SUP: 11930
8 11 15 19 #SUP: 10902
5 8 11 15 19 #SUP: 10731
5 8 15 19 #SUP: 11744
11 15 19 #SUP: 13192
5 11 15 19 #SUP: 12944
5 15 19 #SUP: 14106
9 15 #SUP: 15070
9 13 15 #SUP: 12060
8 9 13 15 #SUP: 10059
8 9 11 13 15 #SUP: 9302
5 8 9 11 13 15 #SUP: 9131
5 8 9 13 15 #SUP: 9881
9 11 13 15 #SUP: 11248
5 9 11 13 15 #SUP: 10984
5 9 13 15 #SUP: 11788
8 9 15 #SUP: 12681
8 9 11 15 #SUP: 11246
5 8 9 11 15 #SUP: 11064
5 8 9 15 #SUP: 12491
9 11 15 #SUP: 13547
5 9 11 15 #SUP: 13264
5 9 15 #SUP: 14778
13 15 #SUP: 18797
8 13 15 #SUP: 15694
8 11 13 15 #SUP: 14091
5 8 11 13 15 #SUP: 13847
5 8 13 15 #SUP: 15433
11 13 15 #SUP: 16980
5 11 13 15 #SUP: 16599
5 13 15 #SUP: 18393
8 15 #SUP: 19592
8 11 15 #SUP: 17053
5 8 11 15 #SUP: 16788
5 8 15 #SUP: 19307
11 15 #SUP: 20457
5 11 15 #SUP: 20043
5 15 #SUP: 22824
48 #SUP: 23289
19 48 #SUP: 13273
13 19 48 #SUP: 10544
11 13 19 48 #SUP: 9905
5 11 13 19 48 #SUP: 9807
5 13 19 48 #SUP: 10443
8 19 48 #SUP: 11022
8 11 19 48 #SUP: 10205
5 8 11 19 48 #SUP: 10132
5 8 19 48 #SUP: 10946
11 19 48 #SUP: 12324
5 11 19 48 #SUP: 12218
5 19 48 #SUP: 13163
17 48 #SUP: 13526
8 17 48 #SUP: 11102
8 11 17 48 #SUP: 10016
5 8 11 17 48 #SUP: 9934
5 8 17 48 #SUP: 11017
13 17 48 #SUP: 11231
8 13 17 48 #SUP: 9173
5 8 13 17 48 #SUP: 9091
11 13 17 48 #SUP: 10468
5 11 13 17 48 #SUP: 10348
5 13 17 48 #SUP: 11107
11 17 48 #SUP: 12312
5 11 17 48 #SUP: 12187
5 17 48 #SUP: 13396
9 48 #SUP: 14960
9 13 48 #SUP: 12148
8 9 13 48 #SUP: 10063
8 9 11 13 48 #SUP: 9374
5 8 9 11 13 48 #SUP: 9284
5 8 9 13 48 #SUP: 9968
9 11 13 48 #SUP: 11410
5 9 11 13 48 #SUP: 11276
5 9 13 48 #SUP: 12009
8 9 48 #SUP: 12483
8 9 11 48 #SUP: 11192
5 8 9 11 48 #SUP: 11099
5 8 9 48 #SUP: 12385
9 11 48 #SUP: 13584
5 9 11 48 #SUP: 13443
5 9 48 #SUP: 14814
13 48 #SUP: 19082
8 13 48 #SUP: 15820
8 11 13 48 #SUP: 14371
5 8 11 13 48 #SUP: 14228
5 8 13 48 #SUP: 15668
11 13 48 #SUP: 17441
5 11 13 48 #SUP: 17229
5 13 48 #SUP: 18858
8 48 #SUP: 19439
8 11 48 #SUP: 17159
5 8 11 48 #SUP: 17007
5 8 48 #SUP: 19277
11 48 #SUP: 20755
5 11 48 #SUP: 20528
5 48 #SUP: 23049
19 #SUP: 25130
17 19 #SUP: 15321
9 17 19 #SUP: 9829
9 11 17 19 #SUP: 9442
5 9 11 17 19 #SUP: 9285
5 9 17 19 #SUP: 9671
13 17 19 #SUP: 12314
8 13 17 19 #SUP: 9924
8 11 13 17 19 #SUP: 9386
5 8 11 13 17 19 #SUP: 9236
5 8 13 17 19 #SUP: 9769
11 13 17 19 #SUP: 11657
5 11 13 17 19 #SUP: 11440
5 13 17 19 #SUP: 12089
8 17 19 #SUP: 12350
8 11 17 19 #SUP: 11506
5 8 11 17 19 #SUP: 11347
5 8 17 19 #SUP: 12184
11 17 19 #SUP: 14312
5 11 17 19 #SUP: 14080
5 17 19 #SUP: 15078
9 19 #SUP: 16075
9 13 19 #SUP: 12778
8 9 13 19 #SUP: 10504
8 9 11 13 19 #SUP: 10202
5 8 9 11 13 19 #SUP: 10020
5 8 9 13 19 #SUP: 10316
9 11 13 19 #SUP: 12432
5 9 11 13 19 #SUP: 12181
5 9 13 19 #SUP: 12521
8 9 19 #SUP: 13240
8 9 11 19 #SUP: 12589
5 8 9 11 19 #SUP: 12393
5 8 9 19 #SUP: 13037
9 11 19 #SUP: 15346
5 9 11 19 #SUP: 15074
5 9 19 #SUP: 15796
13 19 #SUP: 19990
8 13 19 #SUP: 16471
8 11 13 19 #SUP: 15375
5 8 11 13 19 #SUP: 15121
5 8 13 19 #SUP: 16198
11 13 19 #SUP: 18705
5 11 13 19 #SUP: 18337
5 13 19 #SUP: 19598
8 19 #SUP: 20763
8 11 19 #SUP: 19093
5 8 11 19 #SUP: 18813
5 8 19 #SUP: 20461
11 19 #SUP: 23195
5 11 19 #SUP: 22789
5 19 #SUP: 24695
17 #SUP: 27214
9 17 #SUP: 17429
9 13 17 #SUP: 14227
8 9 13 17 #SUP: 11696
8 9 11 13 17 #SUP: 10989
5 8 9 11 13 17 #SUP: 10813
5 8 9 13 17 #SUP: 11517
9 11 13 17 #SUP: 13468
5 9 11 13 17 #SUP: 13199
5 9 13 17 #SUP: 13955
8 9 17 #SUP: 14404
8 9 11 17 #SUP: 12992
5 8 9 11 17 #SUP: 12810
5 8 9 17 #SUP: 14219
9 11 17 #SUP: 15917
5 9 11 17 #SUP: 15637
5 9 17 #SUP: 17146
13 17 #SUP: 22472
8 13 17 #SUP: 18555
8 11 13 17 #SUP: 17041
5 8 11 13 17 #SUP: 16783
5 8 13 17 #SUP: 18285
11 13 17 #SUP: 20766
5 11 13 17 #SUP: 20357
5 13 17 #SUP: 22046
8 17 #SUP: 22554
8 11 17 #SUP: 20069
5 8 11 17 #SUP: 19799
5 8 17 #SUP: 22270
11 17 #SUP: 24459
5 11 17 #SUP: 24031
5 17 #SUP: 26766
9 #SUP: 28934
9 13 #SUP: 23358
8 9 13 #SUP: 19432
8 9 11 13 #SUP: 18000
5 8 9 11 13 #SUP: 17695
5 8 9 13 #SUP: 19115
9 11 13 #SUP: 21830
5 9 11 13 #SUP: 21352
5 9 13 #SUP: 22866
8 9 #SUP: 24265
8 9 11 #SUP: 21540
5 8 9 11 #SUP: 21217
5 8 9 #SUP: 23929
9 11 #SUP: 26044
5 9 11 #SUP: 25538
5 9 #SUP: 28413
13 #SUP: 36959
8 13 #SUP: 30836
8 11 13 #SUP: 27814
5 8 11 13 #SUP: 27371
5 8 13 #SUP: 30359
11 13 #SUP: 33573
5 11 13 #SUP: 32862
5 13 #SUP: 36201
8 #SUP: 37967
8 11 #SUP: 33162
5 8 11 #SUP: 32685
5 8 #SUP: 37453
11 #SUP: 39922
5 11 #SUP: 39159
5 #SUP: 44396
