10 #SUP: 4901
5 10 #SUP: 4862
28 #SUP: 5171
11 28 #SUP: 4540
5 28 #SUP: 5097
26 #SUP: 5207
11 26 #SUP: 4585
5 26 #SUP: 5079
42 #SUP: 5289
8 42 #SUP: 4805
5 8 42 #SUP: 4768
5 42 #SUP: 5237
4 #SUP: 6851
4 17 #SUP: 5246
4 11 17 #SUP: 4850
4 5 11 17 #SUP: 4768
4 5 17 #SUP: 5162
4 8 #SUP: 5827
4 8 11 #SUP: 5286
4 5 8 11 #SUP: 5214
4 5 8 #SUP: 5751
4 13 #SUP: 5831
4 8 13 #SUP: 4939
4 8 11 13 #SUP: 4564
4 5 8 13 #SUP: 4866
4 11 13 #SUP: 5413
4 5 11 13 #SUP: 5297
4 5 13 #SUP: 5709
4 11 #SUP: 6260
4 5 11 #SUP: 6139
4 5 #SUP: 6724
23 #SUP: 7244
17 23 #SUP: 4660
9 23 #SUP: 4669
13 23 #SUP: 6123
11 13 23 #SUP: 5759
5 11 13 23 #SUP: 5491
5 13 23 #SUP: 5842
11 23 #SUP: 6760
5 11 23 #SUP: 6474
5 23 #SUP: 6943
27 #SUP: 7597
9 27 #SUP: 4838
5 9 27 #SUP: 4762
22 27 #SUP: 5229
11 22 27 #SUP: 4711
5 11 22 27 #SUP: 4617
5 22 27 #SUP: 5126
13 27 #SUP: 6256
8 13 27 #SUP: 5165
8 11 13 27 #SUP: 4667
5 8 11 13 27 #SUP: 4599
5 8 13 27 #SUP: 5088
11 13 27 #SUP: 5698
5 11 13 27 #SUP: 5586
5 13 27 #SUP: 6134
8 27 #SUP: 6288
8 11 27 #SUP: 5530
5 8 11 27 #SUP: 5457
5 8 27 #SUP: 6206
11 27 #SUP: 6757
5 11 27 #SUP: 6637
5 27 #SUP: 7467
39 #SUP: 8410
7 39 #SUP: 4731
5 7 39 #SUP: 4647
9 39 #SUP: 5249
9 11 39 #SUP: 4846
5 9 11 39 #SUP: 4764
5 9 39 #SUP: 5166
17 39 #SUP: 6306
8 17 39 #SUP: 5178
8 11 17 39 #SUP: 4664
5 8 11 17 39 #SUP: 4613
5 8 17 39 #SUP: 5124
13 17 39 #SUP: 5363
11 13 17 39 #SUP: 4999
5 11 13 17 39 #SUP: 4914
5 13 17 39 #SUP: 5275
11 17 39 #SUP: 5734
5 11 17 39 #SUP: 5648
5 17 39 #SUP: 6217
8 39 #SUP: 6916
8 11 39 #SUP: 6217
5 8 11 39 #SUP: 6145
5 8 39 #SUP: 6839
13 39 #SUP: 7136
8 13 39 #SUP: 5864
8 11 13 39 #SUP: 5411
5 8 11 13 39 #SUP: 5342
5 8 13 39 #SUP: 5790
11 13 39 #SUP: 6621
5 11 13 39 #SUP: 6498
5 13 39 #SUP: 7008
11 39 #SUP: 7625
5 11 39 #SUP: 7496
5 39 #SUP: 8276
44 #SUP: 9027
19 44 #SUP: 4765
5 19 44 #SUP: 4754
17 44 #SUP: 5636
8 17 44 #SUP: 4856
5 8 17 44 #SUP: 4853
11 17 44 #SUP: 4872
5 11 17 44 #SUP: 4866
5 17 44 #SUP: 5630
9 44 #SUP: 5763
9 11 44 #SUP: 4974
5 9 11 44 #SUP: 4966
8 9 44 #SUP: 5036
5 8 9 44 #SUP: 5029
5 9 44 #SUP: 5753
13 44 #SUP: 7101
8 13 44 #SUP: 6181
8 11 13 44 #SUP: 5427
5 8 11 13 44 #SUP: 5421
5 8 13 44 #SUP: 6173
11 13 44 #SUP: 6293
5 11 13 44 #SUP: 6282
5 13 44 #SUP: 7087
11 44 #SUP: 7691
5 11 44 #SUP: 7679
8 44 #SUP: 7889
8 11 44 #SUP: 6634
5 8 11 44 #SUP: 6627
5 8 44 #SUP: 7879
5 44 #SUP: 9011
16 #SUP: 9458
16 19 #SUP: 4678
5 16 19 #SUP: 4592
7 16 #SUP: 4780
5 7 16 #SUP: 4702
15 16 #SUP: 5101
5 15 16 #SUP: 5022
16 17 #SUP: 5400
8 16 17 #SUP: 4645
5 8 16 17 #SUP: 4588
11 16 17 #SUP: 4719
5 11 16 17 #SUP: 4626
5 16 17 #SUP: 5305
9 16 #SUP: 5905
9 13 16 #SUP: 4657
5 9 13 16 #SUP: 4566
8 9 16 #SUP: 5125
5 8 9 16 #SUP: 5058
9 11 16 #SUP: 5148
5 9 11 16 #SUP: 5054
5 9 16 #SUP: 5808
13 16 #SUP: 7634
8 13 16 #SUP: 6580
8 11 13 16 #SUP: 5865
5 8 11 13 16 #SUP: 5770
5 8 13 16 #SUP: 6480
11 13 16 #SUP: 6855
5 11 13 16 #SUP: 6709
5 13 16 #SUP: 7482
16 18 #SUP: 7801
9 16 18 #SUP: 4871
5 9 16 18 #SUP: 4798
13 16 18 #SUP: 6260
8 13 16 18 #SUP: 5409
8 11 13 16 18 #SUP: 4787
5 8 11 13 16 18 #SUP: 4718
5 8 13 16 18 #SUP: 5336
11 13 16 18 #SUP: 5582
5 11 13 16 18 #SUP: 5474
5 13 16 18 #SUP: 6147
11 16 18 #SUP: 6667
5 11 16 18 #SUP: 6551
8 16 18 #SUP: 6787
8 11 16 18 #SUP: 5733
5 8 11 16 18 #SUP: 5659
5 8 16 18 #SUP: 6708
5 16 18 #SUP: 7679
11 16 #SUP: 8157
5 11 16 #SUP: 8001
8 16 #SUP: 8205
8 11 16 #SUP: 6996
5 8 11 16 #SUP: 6895
5 8 16 #SUP: 8097
5 16 #SUP: 9294
24 #SUP: 9732
15 24 #SUP: 5060
11 15 24 #SUP: 4665
5 11 15 24 #SUP: 4558
5 15 24 #SUP: 4945
24 48 #SUP: 5223
11 24 48 #SUP: 4849
5 11 24 48 #SUP: 4807
5 24 48 #SUP: 5176
22 24 #SUP: 5371
11 22 24 #SUP: 4938
5 11 22 24 #SUP: 4832
5 22 24 #SUP: 5254
9 24 #SUP: 6251
8 9 24 #SUP: 5127
8 9 11 24 #SUP: 4899
5 8 9 11 24 #SUP: 4817
5 8 9 24 #SUP: 5039
9 13 24 #SUP: 5198
9 11 13 24 #SUP: 5059
5 9 11 13 24 #SUP: 4937
5 9 13 24 #SUP: 5069
9 11 24 #SUP: 5996
5 9 11 24 #SUP: 5866
5 9 24 #SUP: 6114
17 24 #SUP: 6968
8 17 24 #SUP: 5724
8 11 17 24 #SUP: 5350
5 8 11 17 24 #SUP: 5286
5 8 17 24 #SUP: 5655
13 17 24 #SUP: 5842
8 13 17 24 #SUP: 4799
8 11 13 17 24 #SUP: 4527
5 8 13 17 24 #SUP: 4733
11 13 17 24 #SUP: 5519
5 11 13 17 24 #SUP: 5419
5 13 17 24 #SUP: 5736
11 17 24 #SUP: 6531
5 11 17 24 #SUP: 6428
5 17 24 #SUP: 6858
19 24 #SUP: 7048
9 19 24 #SUP: 4553
17 19 24 #SUP: 5100
11 17 19 24 #SUP: 4821
5 11 17 19 24 #SUP: 4750
5 17 19 24 #SUP: 5025
13 19 24 #SUP: 5695
8 13 19 24 #SUP: 4782
5 8 13 19 24 #SUP: 4700
11 13 19 24 #SUP: 5369
5 11 13 19 24 #SUP: 5256
5 13 19 24 #SUP: 5575
8 19 24 #SUP: 5915
8 11 19 24 #SUP: 5544
5 8 11 19 24 #SUP: 5459
5 8 19 24 #SUP: 5824
11 19 24 #SUP: 6613
5 11 19 24 #SUP: 6489
5 19 24 #SUP: 6915
8 24 #SUP: 8048
8 11 24 #SUP: 7447
5 8 11 24 #SUP: 7329
5 8 24 #SUP: 7921
13 24 #SUP: 8115
8 13 24 #SUP: 6685
8 11 13 24 #SUP: 6250
5 8 11 13 24 #SUP: 6142
5 8 13 24 #SUP: 6569
11 13 24 #SUP: 7591
5 11 13 24 #SUP: 7419
5 13 24 #SUP: 7930
11 24 #SUP: 9024
5 11 24 #SUP: 8838
5 24 #SUP: 9531
12 #SUP: 10883
7 12 #SUP: 4883
5 7 12 #SUP: 4785
7 11 12 #SUP: 4804
5 7 11 12 #SUP: 4706
12 15 #SUP: 5346
5 12 15 #SUP: 5241
11 12 15 #SUP: 5285
5 11 12 15 #SUP: 5180
12 22 #SUP: 5432
5 12 22 #SUP: 5322
11 12 22 #SUP: 5381
5 11 12 22 #SUP: 5271
12 48 #SUP: 5690
12 13 48 #SUP: 4736
5 12 13 48 #SUP: 4669
11 12 13 48 #SUP: 4695
5 11 12 13 48 #SUP: 4628
8 12 48 #SUP: 4743
8 11 12 48 #SUP: 4685
5 8 11 12 48 #SUP: 4634
5 8 12 48 #SUP: 4692
5 12 48 #SUP: 5618
11 12 48 #SUP: 5625
5 11 12 48 #SUP: 5553
12 19 #SUP: 6000
12 13 19 #SUP: 4730
5 12 13 19 #SUP: 4633
11 12 13 19 #SUP: 4711
5 11 12 13 19 #SUP: 4614
8 12 19 #SUP: 4955
5 8 12 19 #SUP: 4890
8 11 12 19 #SUP: 4920
5 8 11 12 19 #SUP: 4855
5 12 19 #SUP: 5890
11 12 19 #SUP: 5962
5 11 12 19 #SUP: 5852
12 17 #SUP: 6668
8 12 17 #SUP: 5508
5 8 12 17 #SUP: 5432
8 11 12 17 #SUP: 5461
5 8 11 12 17 #SUP: 5385
12 13 17 #SUP: 5686
8 12 13 17 #SUP: 4692
5 8 12 13 17 #SUP: 4621
8 11 12 13 17 #SUP: 4665
5 8 11 12 13 17 #SUP: 4594
5 12 13 17 #SUP: 5570
11 12 13 17 #SUP: 5657
5 11 12 13 17 #SUP: 5541
5 12 17 #SUP: 6545
11 12 17 #SUP: 6616
5 11 12 17 #SUP: 6493
8 12 #SUP: 9127
5 8 12 #SUP: 9000
8 11 12 #SUP: 9021
5 8 11 12 #SUP: 8894
12 13 #SUP: 9153
8 12 13 #SUP: 7654
5 8 12 13 #SUP: 7539
8 11 12 13 #SUP: 7590
5 8 11 12 13 #SUP: 7475
5 12 13 #SUP: 8964
11 12 13 #SUP: 9083
5 11 12 13 #SUP: 8894
5 12 #SUP: 10675
11 12 #SUP: 10766
5 11 12 #SUP: 10558
37 #SUP: 11655
7 37 #SUP: 4856
5 7 37 #SUP: 4740
37 48 #SUP: 5789
8 37 48 #SUP: 4822
5 8 37 48 #SUP: 4770
13 37 48 #SUP: 4843
11 13 37 48 #SUP: 4530
5 13 37 48 #SUP: 4777
11 37 48 #SUP: 5331
5 11 37 48 #SUP: 5265
5 37 48 #SUP: 5719
22 37 #SUP: 6011
8 22 37 #SUP: 4858
5 8 22 37 #SUP: 4779
13 22 37 #SUP: 4970
11 13 22 37 #SUP: 4636
5 11 13 22 37 #SUP: 4534
5 13 22 37 #SUP: 4860
11 22 37 #SUP: 5511
5 11 22 37 #SUP: 5400
5 22 37 #SUP: 5891
19 37 #SUP: 6799
17 19 37 #SUP: 4841
11 17 19 37 #SUP: 4539
5 17 19 37 #SUP: 4765
13 19 37 #SUP: 5401
11 13 19 37 #SUP: 5104
5 11 13 19 37 #SUP: 5007
5 13 19 37 #SUP: 5295
8 19 37 #SUP: 5587
8 11 19 37 #SUP: 5183
5 8 11 19 37 #SUP: 5109
5 8 19 37 #SUP: 5507
11 19 37 #SUP: 6326
5 11 19 37 #SUP: 6220
5 19 37 #SUP: 6683
9 37 #SUP: 7291
9 13 37 #SUP: 6010
8 9 13 37 #SUP: 4940
8 9 11 13 37 #SUP: 4720
5 8 9 11 13 37 #SUP: 4632
5 8 9 13 37 #SUP: 4849
9 11 13 37 #SUP: 5765
5 9 11 13 37 #SUP: 5634
5 9 13 37 #SUP: 5875
8 9 37 #SUP: 6026
8 9 11 37 #SUP: 5572
5 8 9 11 37 #SUP: 5479
5 8 9 37 #SUP: 5930
9 11 37 #SUP: 6795
5 9 11 37 #SUP: 6657
5 9 37 #SUP: 7149
17 37 #SUP: 8242
9 17 37 #SUP: 5180
9 11 17 37 #SUP: 4859
5 9 11 17 37 #SUP: 4770
5 9 17 37 #SUP: 5090
8 17 37 #SUP: 6823
8 11 17 37 #SUP: 6225
5 8 11 17 37 #SUP: 6135
5 8 17 37 #SUP: 6727
13 17 37 #SUP: 6924
8 13 17 37 #SUP: 5729
8 11 13 17 37 #SUP: 5346
5 8 11 13 17 37 #SUP: 5261
5 8 13 17 37 #SUP: 5638
11 13 17 37 #SUP: 6487
5 11 13 17 37 #SUP: 6350
5 13 17 37 #SUP: 6777
11 17 37 #SUP: 7564
5 11 17 37 #SUP: 7420
5 17 37 #SUP: 8087
8 37 #SUP: 9683
8 11 37 #SUP: 8738
5 8 11 37 #SUP: 8601
5 8 37 #SUP: 9535
13 37 #SUP: 9714
8 13 37 #SUP: 8053
8 11 13 37 #SUP: 7444
5 8 11 13 37 #SUP: 7317
5 8 13 37 #SUP: 7915
11 13 37 #SUP: 9023
5 11 13 37 #SUP: 8823
5 13 37 #SUP: 9496
11 37 #SUP: 10592
5 11 37 #SUP: 10379
5 37 #SUP: 11423
3 #SUP: 12790
3 18 #SUP: 4792
3 5 18 #SUP: 4736
3 7 #SUP: 5888
3 7 11 #SUP: 4653
3 5 7 11 #SUP: 4547
3 7 15 #SUP: 4744
3 5 7 15 #SUP: 4659
3 7 13 #SUP: 4818
3 5 7 13 #SUP: 4711
3 7 8 #SUP: 5121
3 5 7 8 #SUP: 5059
3 5 7 #SUP: 5775
3 22 #SUP: 6617
3 13 22 #SUP: 5328
3 11 13 22 #SUP: 4744
3 5 11 13 22 #SUP: 4627
3 5 13 22 #SUP: 5196
3 15 22 #SUP: 5461
3 8 15 22 #SUP: 4634
3 5 8 15 22 #SUP: 4550
3 11 15 22 #SUP: 4733
3 5 11 15 22 #SUP: 4621
3 5 15 22 #SUP: 5337
3 8 22 #SUP: 5596
3 8 11 22 #SUP: 4836
3 5 8 11 22 #SUP: 4749
3 5 8 22 #SUP: 5498
3 11 22 #SUP: 5762
3 5 11 22 #SUP: 5626
3 5 22 #SUP: 6466
3 19 #SUP: 6902
3 13 19 #SUP: 5393
3 8 13 19 #SUP: 4665
3 5 8 13 19 #SUP: 4586
3 11 13 19 #SUP: 4937
3 5 11 13 19 #SUP: 4840
3 5 13 19 #SUP: 5283
3 8 19 #SUP: 6006
3 8 11 19 #SUP: 5397
3 5 8 11 19 #SUP: 5317
3 5 8 19 #SUP: 5914
3 11 19 #SUP: 6225
3 5 11 19 #SUP: 6113
3 5 19 #SUP: 6776
3 48 #SUP: 7069
3 9 48 #SUP: 4555
3 13 48 #SUP: 5625
3 8 13 48 #SUP: 4830
3 5 8 13 48 #SUP: 4787
3 11 13 48 #SUP: 4960
3 5 11 13 48 #SUP: 4903
3 5 13 48 #SUP: 5564
3 11 48 #SUP: 6039
3 5 11 48 #SUP: 5976
3 8 48 #SUP: 6112
3 8 11 48 #SUP: 5171
3 5 8 11 48 #SUP: 5127
3 5 8 48 #SUP: 6065
3 5 48 #SUP: 7002
3 9 #SUP: 8187
3 9 13 #SUP: 6437
3 8 9 13 #SUP: 5540
3 8 9 11 13 #SUP: 4982
3 5 8 9 11 13 #SUP: 4897
3 5 8 9 13 #SUP: 5450
3 9 11 13 #SUP: 5847
3 5 9 11 13 #SUP: 5711
3 5 9 13 #SUP: 6295
3 9 11 #SUP: 7109
3 5 9 11 #SUP: 6962
3 8 9 #SUP: 7119
3 8 9 11 #SUP: 6089
3 5 8 9 11 #SUP: 5997
3 5 8 9 #SUP: 7021
3 5 9 #SUP: 8033
3 13 #SUP: 10211
3 8 13 #SUP: 8800
3 8 11 13 #SUP: 7677
3 5 8 11 13 #SUP: 7553
3 5 8 13 #SUP: 8662
3 11 13 #SUP: 8969
3 5 11 13 #SUP: 8772
3 5 13 #SUP: 9994
3 15 #SUP: 10421
3 15 19 #SUP: 5677
3 8 15 19 #SUP: 4937
3 5 8 15 19 #SUP: 4859
3 11 15 19 #SUP: 5113
3 5 11 15 19 #SUP: 5019
3 5 15 19 #SUP: 5572
3 15 48 #SUP: 5861
3 13 15 48 #SUP: 4646
3 5 13 15 48 #SUP: 4598
3 11 15 48 #SUP: 4975
3 5 11 15 48 #SUP: 4927
3 8 15 48 #SUP: 5073
3 5 8 15 48 #SUP: 5036
3 5 15 48 #SUP: 5809
3 9 15 #SUP: 6784
3 9 13 15 #SUP: 5320
3 8 9 13 15 #SUP: 4579
3 9 11 13 15 #SUP: 4808
3 5 9 11 13 15 #SUP: 4699
3 5 9 13 15 #SUP: 5206
3 9 11 15 #SUP: 5858
3 5 9 11 15 #SUP: 5741
3 8 9 15 #SUP: 5901
3 8 9 11 15 #SUP: 5019
3 5 8 9 11 15 #SUP: 4944
3 5 8 9 15 #SUP: 5820
3 5 9 15 #SUP: 6661
3 13 15 #SUP: 8287
3 8 13 15 #SUP: 7141
3 8 11 13 15 #SUP: 6200
3 5 8 11 13 15 #SUP: 6098
3 5 8 13 15 #SUP: 7027
3 11 13 15 #SUP: 7246
3 5 11 13 15 #SUP: 7088
3 5 13 15 #SUP: 8114
3 11 15 #SUP: 8817
3 5 11 15 #SUP: 8643
3 8 15 #SUP: 9075
3 8 11 15 #SUP: 7595
3 5 8 11 15 #SUP: 7482
3 5 8 15 #SUP: 8949
3 5 15 #SUP: 10231
3 11 #SUP: 10878
3 5 11 #SUP: 10660
3 8 #SUP: 11127
3 8 11 #SUP: 9362
3 5 8 11 #SUP: 9223
3 5 8 #SUP: 10973
3 5 #SUP: 12551
18 #SUP: 13301
18 19 #SUP: 6378
13 18 19 #SUP: 4944
11 13 18 19 #SUP: 4575
5 13 18 19 #SUP: 4850
8 18 19 #SUP: 5320
8 11 18 19 #SUP: 4780
5 8 11 18 19 #SUP: 4717
5 8 18 19 #SUP: 5251
11 18 19 #SUP: 5764
5 11 18 19 #SUP: 5670
5 18 19 #SUP: 6276
18 48 #SUP: 6401
13 18 48 #SUP: 5156
11 13 18 48 #SUP: 4617
5 11 13 18 48 #SUP: 4559
5 13 18 48 #SUP: 5095
8 18 48 #SUP: 5470
8 11 18 48 #SUP: 4650
5 8 11 18 48 #SUP: 4614
5 8 18 48 #SUP: 5432
11 18 48 #SUP: 5514
5 11 18 48 #SUP: 5455
5 18 48 #SUP: 6339
7 18 #SUP: 6923
7 11 18 #SUP: 5541
5 7 11 18 #SUP: 5451
7 13 18 #SUP: 5699
7 11 13 18 #SUP: 4852
5 7 11 13 18 #SUP: 4766
7 8 13 18 #SUP: 5053
5 7 8 13 18 #SUP: 4999
5 7 13 18 #SUP: 5607
7 8 18 #SUP: 6197
7 8 11 18 #SUP: 4872
5 7 8 11 18 #SUP: 4821
5 7 8 18 #SUP: 6141
5 7 18 #SUP: 6827
17 18 #SUP: 7038
13 17 18 #SUP: 5701
8 13 17 18 #SUP: 4844
5 8 13 17 18 #SUP: 4784
11 13 17 18 #SUP: 5158
5 11 13 17 18 #SUP: 5066
5 13 17 18 #SUP: 5604
8 17 18 #SUP: 6000
8 11 17 18 #SUP: 5158
5 8 11 17 18 #SUP: 5097
5 8 17 18 #SUP: 5935
11 17 18 #SUP: 6125
5 11 17 18 #SUP: 6026
5 17 18 #SUP: 6934
15 18 #SUP: 7885
9 15 18 #SUP: 5033
5 9 15 18 #SUP: 4974
13 15 18 #SUP: 6217
8 13 15 18 #SUP: 5405
8 11 13 15 18 #SUP: 4707
5 8 11 13 15 18 #SUP: 4649
5 8 13 15 18 #SUP: 5343
11 13 15 18 #SUP: 5462
5 11 13 15 18 #SUP: 5370
5 13 15 18 #SUP: 6118
11 15 18 #SUP: 6645
5 11 15 18 #SUP: 6546
8 15 18 #SUP: 6899
8 11 15 18 #SUP: 5737
5 8 11 15 18 #SUP: 5675
5 8 15 18 #SUP: 6832
5 15 18 #SUP: 7778
9 18 #SUP: 8368
9 13 18 #SUP: 6555
8 9 13 18 #SUP: 5658
8 9 11 13 18 #SUP: 5081
5 8 9 11 13 18 #SUP: 5014
5 8 9 13 18 #SUP: 5588
9 11 13 18 #SUP: 5953
5 9 11 13 18 #SUP: 5843
5 9 13 18 #SUP: 6441
9 11 18 #SUP: 7189
5 9 11 18 #SUP: 7074
8 9 18 #SUP: 7263
8 9 11 18 #SUP: 6133
5 8 9 11 18 #SUP: 6063
5 8 9 18 #SUP: 7189
5 9 18 #SUP: 8248
13 18 #SUP: 10643
8 13 18 #SUP: 9165
8 11 13 18 #SUP: 8041
5 8 11 13 18 #SUP: 7933
5 8 13 18 #SUP: 9047
11 13 18 #SUP: 9427
5 11 13 18 #SUP: 9254
5 13 18 #SUP: 10457
11 18 #SUP: 11305
5 11 18 #SUP: 11121
8 18 #SUP: 11517
8 11 18 #SUP: 9652
5 8 11 18 #SUP: 9538
5 8 18 #SUP: 11392
5 18 #SUP: 13103
7 #SUP: 20081
7 15 #SUP: 8893
7 15 48 #SUP: 4890
5 7 15 48 #SUP: 4824
7 9 15 #SUP: 5807
7 9 13 15 #SUP: 4677
5 7 9 13 15 #SUP: 4567
7 9 11 15 #SUP: 4718
5 7 9 11 15 #SUP: 4608
7 8 9 15 #SUP: 5013
5 7 8 9 15 #SUP: 4949
5 7 9 15 #SUP: 5693
7 11 15 #SUP: 7265
5 7 11 15 #SUP: 7099
7 13 15 #SUP: 7385
7 8 13 15 #SUP: 6274
7 8 11 13 15 #SUP: 5355
5 7 8 11 13 15 #SUP: 5267
5 7 8 13 15 #SUP: 6181
7 11 13 15 #SUP: 6369
5 7 11 13 15 #SUP: 6212
5 7 13 15 #SUP: 7219
7 8 15 #SUP: 7662
7 8 11 15 #SUP: 6151
5 7 8 11 15 #SUP: 6057
5 7 8 15 #SUP: 7563
5 7 15 #SUP: 8718
7 22 #SUP: 9164
7 22 48 #SUP: 4784
5 7 22 48 #SUP: 4711
7 17 22 #SUP: 5339
7 13 17 22 #SUP: 4557
7 11 17 22 #SUP: 4594
5 7 17 22 #SUP: 5229
7 9 22 #SUP: 5917
7 8 9 22 #SUP: 4858
5 7 8 9 22 #SUP: 4782
7 9 13 22 #SUP: 4897
5 7 9 13 22 #SUP: 4764
7 9 11 22 #SUP: 5008
5 7 9 11 22 #SUP: 4871
5 7 9 22 #SUP: 5778
7 8 22 #SUP: 7516
7 8 11 22 #SUP: 6243
5 7 8 11 22 #SUP: 6132
5 7 8 22 #SUP: 7400
7 11 22 #SUP: 7751
5 7 11 22 #SUP: 7547
7 13 22 #SUP: 7772
7 8 13 22 #SUP: 6295
7 8 11 13 22 #SUP: 5514
5 7 8 11 13 22 #SUP: 5409
5 7 8 13 22 #SUP: 6185
7 11 13 22 #SUP: 6880
5 7 11 13 22 #SUP: 6686
5 7 13 22 #SUP: 7568
5 7 22 #SUP: 8950
7 48 #SUP: 10016
7 17 48 #SUP: 5611
7 8 17 48 #SUP: 4684
5 7 8 17 48 #SUP: 4642
7 13 17 48 #SUP: 4855
5 7 13 17 48 #SUP: 4789
7 11 17 48 #SUP: 4857
5 7 11 17 48 #SUP: 4791
5 7 17 48 #SUP: 5543
7 9 48 #SUP: 6435
7 9 13 48 #SUP: 5374
7 9 11 13 48 #SUP: 4799
5 7 9 11 13 48 #SUP: 4726
5 7 9 13 48 #SUP: 5297
7 9 11 48 #SUP: 5394
5 7 9 11 48 #SUP: 5316
7 8 9 48 #SUP: 5408
5 7 8 9 48 #SUP: 5353
5 7 9 48 #SUP: 6353
7 8 48 #SUP: 8417
7 8 11 48 #SUP: 6954
5 7 8 11 48 #SUP: 6875
5 7 8 48 #SUP: 8331
7 11 48 #SUP: 8431
5 7 11 48 #SUP: 8310
7 13 48 #SUP: 8538
7 8 13 48 #SUP: 7102
7 8 11 13 48 #SUP: 6198
5 7 8 11 13 48 #SUP: 6124
5 7 8 13 48 #SUP: 7021
7 11 13 48 #SUP: 7536
5 7 11 13 48 #SUP: 7422
5 7 13 48 #SUP: 8415
5 7 48 #SUP: 9886
7 17 #SUP: 11893
7 9 17 #SUP: 7600
7 9 13 17 #SUP: 6353
7 8 9 13 17 #SUP: 5378
7 8 9 11 13 17 #SUP: 4819
5 7 8 9 11 13 17 #SUP: 4751
5 7 8 9 13 17 #SUP: 5308
7 9 11 13 17 #SUP: 5771
5 7 9 11 13 17 #SUP: 5649
5 7 9 13 17 #SUP: 6229
7 9 11 17 #SUP: 6475
5 7 9 11 17 #SUP: 6352
7 8 9 17 #SUP: 6522
7 8 9 11 17 #SUP: 5445
5 7 8 9 11 17 #SUP: 5377
5 7 8 9 17 #SUP: 6452
5 7 9 17 #SUP: 7475
7 11 17 #SUP: 10147
5 7 11 17 #SUP: 9951
7 13 17 #SUP: 10158
7 8 13 17 #SUP: 8631
7 8 11 13 17 #SUP: 7655
5 7 8 11 13 17 #SUP: 7547
5 7 8 13 17 #SUP: 8516
7 11 13 17 #SUP: 9109
5 7 11 13 17 #SUP: 8917
5 7 13 17 #SUP: 9957
7 8 17 #SUP: 10204
7 8 11 17 #SUP: 8563
5 7 8 11 17 #SUP: 8452
5 7 8 17 #SUP: 10086
5 7 17 #SUP: 11688
7 9 #SUP: 12859
7 9 13 #SUP: 10580
7 8 9 13 #SUP: 8928
7 8 9 11 13 #SUP: 7798
5 7 8 9 11 13 #SUP: 7675
5 7 8 9 13 #SUP: 8799
7 9 11 13 #SUP: 9398
5 7 9 11 13 #SUP: 9171
5 7 9 13 #SUP: 10345
7 9 11 #SUP: 10698
5 7 9 11 #SUP: 10464
7 8 9 #SUP: 11025
7 8 9 11 #SUP: 8951
5 7 8 9 11 #SUP: 8824
5 7 8 9 #SUP: 10892
5 7 9 #SUP: 12617
7 11 #SUP: 16727
5 7 11 #SUP: 16370
7 13 #SUP: 16969
7 8 13 #SUP: 14365
7 8 11 13 #SUP: 12439
5 7 8 11 13 #SUP: 12250
5 7 8 13 #SUP: 14161
7 11 13 #SUP: 14868
5 7 11 13 #SUP: 14525
5 7 13 #SUP: 16603
7 8 #SUP: 17204
7 8 11 #SUP: 14069
5 7 8 11 #SUP: 13872
5 7 8 #SUP: 16992
5 7 #SUP: 19701
22 #SUP: 23202
22 48 #SUP: 12363
17 22 48 #SUP: 7033
9 17 22 48 #SUP: 4552
8 17 22 48 #SUP: 5603
8 11 17 22 48 #SUP: 5070
5 8 11 17 22 48 #SUP: 5022
5 8 17 22 48 #SUP: 5553
13 17 22 48 #SUP: 5791
8 13 17 22 48 #SUP: 4585
5 8 13 17 22 48 #SUP: 4537
11 13 17 22 48 #SUP: 5418
5 11 13 17 22 48 #SUP: 5350
5 13 17 22 48 #SUP: 5721
11 17 22 48 #SUP: 6414
5 11 17 22 48 #SUP: 6343
5 17 22 48 #SUP: 6959
19 22 48 #SUP: 7579
9 19 22 48 #SUP: 4929
9 11 19 22 48 #SUP: 4747
5 9 11 19 22 48 #SUP: 4710
5 9 19 22 48 #SUP: 4891
13 19 22 48 #SUP: 5998
8 13 19 22 48 #SUP: 4855
8 11 13 19 22 48 #SUP: 4550
5 8 13 19 22 48 #SUP: 4813
11 13 19 22 48 #SUP: 5629
5 11 13 19 22 48 #SUP: 5575
5 13 19 22 48 #SUP: 5942
8 19 22 48 #SUP: 6177
8 11 19 22 48 #SUP: 5723
5 8 11 19 22 48 #SUP: 5679
5 8 19 22 48 #SUP: 6130
11 19 22 48 #SUP: 7038
5 11 19 22 48 #SUP: 6977
5 19 22 48 #SUP: 7515
9 22 48 #SUP: 8021
9 13 22 48 #SUP: 6497
8 9 13 22 48 #SUP: 5231
8 9 11 13 22 48 #SUP: 4915
5 8 9 11 13 22 48 #SUP: 4855
5 8 9 13 22 48 #SUP: 5170
9 11 13 22 48 #SUP: 6146
5 9 11 13 22 48 #SUP: 6066
5 9 13 22 48 #SUP: 6416
8 9 22 48 #SUP: 6512
8 9 11 22 48 #SUP: 5915
5 8 9 11 22 48 #SUP: 5852
5 8 9 22 48 #SUP: 6448
9 11 22 48 #SUP: 7367
5 9 11 22 48 #SUP: 7280
5 9 22 48 #SUP: 7933
8 22 48 #SUP: 10063
8 11 22 48 #SUP: 8968
5 8 11 22 48 #SUP: 8874
5 8 22 48 #SUP: 9964
13 22 48 #SUP: 10095
8 13 22 48 #SUP: 8155
8 11 13 22 48 #SUP: 7454
5 8 11 13 22 48 #SUP: 7368
5 8 13 22 48 #SUP: 8065
11 13 22 48 #SUP: 9272
5 11 13 22 48 #SUP: 9155
5 13 22 48 #SUP: 9972
11 22 48 #SUP: 11108
5 11 22 48 #SUP: 10978
5 22 48 #SUP: 12226
15 22 #SUP: 12623
15 17 22 #SUP: 6165
8 15 17 22 #SUP: 4873
5 8 15 17 22 #SUP: 4793
13 15 17 22 #SUP: 5049
11 13 15 17 22 #SUP: 4710
5 11 13 15 17 22 #SUP: 4599
5 13 15 17 22 #SUP: 4936
11 15 17 22 #SUP: 5643
5 11 15 17 22 #SUP: 5527
5 15 17 22 #SUP: 6045
15 22 48 #SUP: 7173
9 15 22 48 #SUP: 4700
5 9 15 22 48 #SUP: 4646
15 19 22 48 #SUP: 4791
5 15 19 22 48 #SUP: 4750
13 15 22 48 #SUP: 5795
8 13 15 22 48 #SUP: 4712
5 8 13 15 22 48 #SUP: 4665
11 13 15 22 48 #SUP: 5287
5 11 13 15 22 48 #SUP: 5225
5 13 15 22 48 #SUP: 5730
8 15 22 48 #SUP: 5889
8 11 15 22 48 #SUP: 5234
5 8 11 15 22 48 #SUP: 5185
5 8 15 22 48 #SUP: 5837
11 15 22 48 #SUP: 6414
5 11 15 22 48 #SUP: 6344
5 15 22 48 #SUP: 7099
9 15 22 #SUP: 8285
9 13 15 22 #SUP: 6700
8 9 13 15 22 #SUP: 5403
8 9 11 13 15 22 #SUP: 5058
5 8 9 11 13 15 22 #SUP: 4947
5 8 9 13 15 22 #SUP: 5287
9 11 13 15 22 #SUP: 6319
5 9 11 13 15 22 #SUP: 6150
5 9 13 15 22 #SUP: 6526
8 9 15 22 #SUP: 6758
8 9 11 15 22 #SUP: 6120
5 8 9 11 15 22 #SUP: 6001
5 8 9 15 22 #SUP: 6634
9 11 15 22 #SUP: 7594
5 9 11 15 22 #SUP: 7411
5 9 15 22 #SUP: 8097
15 19 22 #SUP: 8435
9 15 19 22 #SUP: 5512
9 11 15 19 22 #SUP: 5291
5 9 11 15 19 22 #SUP: 5185
5 9 15 19 22 #SUP: 5402
13 15 19 22 #SUP: 6731
8 13 15 19 22 #SUP: 5447
8 11 13 15 19 22 #SUP: 5065
5 8 11 13 15 19 22 #SUP: 4970
5 8 13 15 19 22 #SUP: 5342
11 13 15 19 22 #SUP: 6277
5 11 13 15 19 22 #SUP: 6146
5 13 15 19 22 #SUP: 6590
8 15 19 22 #SUP: 6880
8 11 15 19 22 #SUP: 6319
5 8 11 15 19 22 #SUP: 6213
5 8 15 19 22 #SUP: 6762
11 15 19 22 #SUP: 7785
5 11 15 19 22 #SUP: 7637
5 15 19 22 #SUP: 8275
13 15 22 #SUP: 10255
8 13 15 22 #SUP: 8285
8 11 13 15 22 #SUP: 7529
5 8 11 13 15 22 #SUP: 7380
5 8 13 15 22 #SUP: 8124
11 13 15 22 #SUP: 9360
5 11 13 15 22 #SUP: 9130
5 13 15 22 #SUP: 10010
8 15 22 #SUP: 10312
8 11 15 22 #SUP: 9139
5 8 11 15 22 #SUP: 8975
5 8 15 22 #SUP: 10134
11 15 22 #SUP: 11282
5 11 15 22 #SUP: 11029
5 15 22 #SUP: 12353
17 22 #SUP: 13770
9 17 22 #SUP: 8942
8 9 17 22 #SUP: 7161
8 9 11 17 22 #SUP: 6534
5 8 9 11 17 22 #SUP: 6429
5 8 9 17 22 #SUP: 7055
9 13 17 22 #SUP: 7293
8 9 13 17 22 #SUP: 5800
8 9 11 13 17 22 #SUP: 5493
5 8 9 11 13 17 22 #SUP: 5390
5 8 9 13 17 22 #SUP: 5696
9 11 13 17 22 #SUP: 6950
5 9 11 13 17 22 #SUP: 6798
5 9 13 17 22 #SUP: 7140
9 11 17 22 #SUP: 8252
5 9 11 17 22 #SUP: 8095
5 9 17 22 #SUP: 8784
8 17 22 #SUP: 11054
8 11 17 22 #SUP: 9909
5 8 11 17 22 #SUP: 9760
5 8 17 22 #SUP: 10897
13 17 22 #SUP: 11314
8 13 17 22 #SUP: 9033
8 11 13 17 22 #SUP: 8342
5 8 11 13 17 22 #SUP: 8198
5 8 13 17 22 #SUP: 8883
11 13 17 22 #SUP: 10507
5 11 13 17 22 #SUP: 10283
5 13 17 22 #SUP: 11082
11 17 22 #SUP: 12466
5 11 17 22 #SUP: 12234
5 17 22 #SUP: 13527
19 22 #SUP: 14038
17 19 22 #SUP: 8431
9 17 19 22 #SUP: 5504
9 11 17 19 22 #SUP: 5289
5 9 11 17 19 22 #SUP: 5199
5 9 17 19 22 #SUP: 5413
8 17 19 22 #SUP: 6652
8 11 17 19 22 #SUP: 6185
5 8 11 17 19 22 #SUP: 6096
5 8 17 19 22 #SUP: 6557
13 17 19 22 #SUP: 6757
8 13 17 19 22 #SUP: 5310
8 11 13 17 19 22 #SUP: 5014
5 8 11 13 17 19 22 #SUP: 4929
5 8 13 17 19 22 #SUP: 5221
11 13 17 19 22 #SUP: 6390
5 11 13 17 19 22 #SUP: 6272
5 13 17 19 22 #SUP: 6634
11 17 19 22 #SUP: 7872
5 11 17 19 22 #SUP: 7747
5 17 19 22 #SUP: 8298
9 19 22 #SUP: 9109
9 13 19 22 #SUP: 7266
8 9 13 19 22 #SUP: 5837
8 9 11 13 19 22 #SUP: 5684
5 8 9 11 13 19 22 #SUP: 5579
5 8 9 13 19 22 #SUP: 5728
9 11 13 19 22 #SUP: 7082
5 9 11 13 19 22 #SUP: 6943
5 9 13 19 22 #SUP: 7123
8 9 19 22 #SUP: 7356
8 9 11 19 22 #SUP: 7032
5 8 9 11 19 22 #SUP: 6918
5 8 9 19 22 #SUP: 7238
9 11 19 22 #SUP: 8737
5 9 11 19 22 #SUP: 8584
5 9 19 22 #SUP: 8952
13 19 22 #SUP: 11179
8 13 19 22 #SUP: 9017
8 11 13 19 22 #SUP: 8425
5 8 11 13 19 22 #SUP: 8284
5 8 13 19 22 #SUP: 8863
11 13 19 22 #SUP: 10475
5 11 13 19 22 #SUP: 10275
5 13 19 22 #SUP: 10964
8 19 22 #SUP: 11383
8 11 19 22 #SUP: 10500
5 8 11 19 22 #SUP: 10340
5 8 19 22 #SUP: 11208
11 19 22 #SUP: 13001
5 11 19 22 #SUP: 12775
5 19 22 #SUP: 13794
9 22 #SUP: 15026
9 13 22 #SUP: 12163
8 9 13 22 #SUP: 9789
8 9 11 13 22 #SUP: 9171
5 8 9 11 13 22 #SUP: 8995
5 8 9 13 22 #SUP: 9608
9 11 13 22 #SUP: 11480
5 9 11 13 22 #SUP: 11210
5 9 13 22 #SUP: 11887
8 9 22 #SUP: 12214
8 9 11 22 #SUP: 11038
5 8 9 11 22 #SUP: 10849
5 8 9 22 #SUP: 12020
9 11 22 #SUP: 13745
5 9 11 22 #SUP: 13455
5 9 22 #SUP: 14730
8 22 #SUP: 18899
8 11 22 #SUP: 16743
5 8 11 22 #SUP: 16472
5 8 22 #SUP: 18608
13 22 #SUP: 18951
8 13 22 #SUP: 15312
8 11 13 22 #SUP: 13939
5 8 11 13 22 #SUP: 13693
5 8 13 22 #SUP: 15048
11 13 22 #SUP: 17355
5 11 13 22 #SUP: 16961
5 13 22 #SUP: 18532
11 22 #SUP: 20752
5 11 22 #SUP: 20322
5 22 #SUP: 22744
15 #SUP: 23265
15 17 #SUP: 11243
9 15 17 #SUP: 7288
9 13 15 17 #SUP: 5934
8 9 13 15 17 #SUP: 4832
8 9 11 13 15 17 #SUP: 4589
5 8 9 13 15 17 #SUP: 4746
9 11 13 15 17 #SUP: 5667
5 9 11 13 15 17 #SUP: 5541
5 9 13 15 17 #SUP: 5807
8 9 15 17 #SUP: 5967
8 9 11 15 17 #SUP: 5469
5 8 9 11 15 17 #SUP: 5380
5 8 9 15 17 #SUP: 5877
9 11 15 17 #SUP: 6750
5 9 11 15 17 #SUP: 6616
5 9 15 17 #SUP: 7153
13 15 17 #SUP: 9210
8 13 15 17 #SUP: 7504
8 11 13 15 17 #SUP: 6947
5 8 11 13 15 17 #SUP: 6828
5 8 13 15 17 #SUP: 7382
11 13 15 17 #SUP: 8558
5 11 13 15 17 #SUP: 8377
5 13 15 17 #SUP: 9025
8 15 17 #SUP: 9210
8 11 15 17 #SUP: 8298
5 8 11 15 17 #SUP: 8172
5 8 15 17 #SUP: 9079
11 15 17 #SUP: 10208
5 11 15 17 #SUP: 10016
5 15 17 #SUP: 11045
15 48 #SUP: 12844
15 17 48 #SUP: 6072
8 15 17 48 #SUP: 4944
5 8 15 17 48 #SUP: 4905
13 15 17 48 #SUP: 4987
11 13 15 17 48 #SUP: 4649
5 11 13 15 17 48 #SUP: 4593
5 13 15 17 48 #SUP: 4930
11 15 17 48 #SUP: 5541
5 11 15 17 48 #SUP: 5482
5 15 17 48 #SUP: 6011
15 19 48 #SUP: 7954
9 15 19 48 #SUP: 5141
9 11 15 19 48 #SUP: 4916
5 9 11 15 19 48 #SUP: 4879
5 9 15 19 48 #SUP: 5103
13 15 19 48 #SUP: 6314
8 13 15 19 48 #SUP: 5206
8 11 13 15 19 48 #SUP: 4840
5 8 11 13 15 19 48 #SUP: 4800
5 8 13 15 19 48 #SUP: 5165
11 13 15 19 48 #SUP: 5877
5 11 13 15 19 48 #SUP: 5819
5 13 15 19 48 #SUP: 6254
8 15 19 48 #SUP: 6604
8 11 15 19 48 #SUP: 6060
5 8 11 15 19 48 #SUP: 6018
5 8 15 19 48 #SUP: 6560
11 15 19 48 #SUP: 7315
5 11 15 19 48 #SUP: 7252
5 15 19 48 #SUP: 7888
9 15 48 #SUP: 8304
9 13 15 48 #SUP: 6651
8 9 13 15 48 #SUP: 5535
8 9 11 13 15 48 #SUP: 5139
5 8 9 11 13 15 48 #SUP: 5091
5 8 9 13 15 48 #SUP: 5484
9 11 13 15 48 #SUP: 6221
5 9 11 13 15 48 #SUP: 6147
5 9 13 15 48 #SUP: 6574
8 9 15 48 #SUP: 6962
8 9 11 15 48 #SUP: 6211
5 8 9 11 15 48 #SUP: 6161
5 8 9 15 48 #SUP: 6909
9 11 15 48 #SUP: 7496
5 9 11 15 48 #SUP: 7417
5 9 15 48 #SUP: 8222
13 15 48 #SUP: 10373
8 13 15 48 #SUP: 8622
8 11 13 15 48 #SUP: 7773
5 8 11 13 15 48 #SUP: 7698
5 8 13 15 48 #SUP: 8542
11 13 15 48 #SUP: 9397
5 11 13 15 48 #SUP: 9282
5 13 15 48 #SUP: 10251
8 15 48 #SUP: 10763
8 11 15 48 #SUP: 9417
5 8 11 15 48 #SUP: 9337
5 8 15 48 #SUP: 10677
11 15 48 #SUP: 11333
5 11 15 48 #SUP: 11209
5 15 48 #SUP: 12712
15 19 #SUP: 14372
15 17 19 #SUP: 7613
9 15 17 19 #SUP: 4932
9 11 15 17 19 #SUP: 4743
5 9 11 15 17 19 #SUP: 4652
5 9 15 17 19 #SUP: 4840
8 15 17 19 #SUP: 6096
8 11 15 17 19 #SUP: 5669
5 8 11 15 17 19 #SUP: 5583
5 8 15 17 19 #SUP: 6005
13 15 17 19 #SUP: 6128
8 13 15 17 19 #SUP: 4889
8 11 13 15 17 19 #SUP: 4618
5 8 11 13 15 17 19 #SUP: 4537
5 8 13 15 17 19 #SUP: 4805
11 13 15 17 19 #SUP: 5788
5 11 13 15 17 19 #SUP: 5672
5 13 15 17 19 #SUP: 6008
11 15 17 19 #SUP: 7099
5 11 15 17 19 #SUP: 6974
5 15 17 19 #SUP: 7482
9 15 19 #SUP: 9263
9 13 15 19 #SUP: 7383
8 9 13 15 19 #SUP: 6088
8 9 11 13 15 19 #SUP: 5896
5 8 9 11 13 15 19 #SUP: 5783
5 8 9 13 15 19 #SUP: 5971
9 11 13 15 19 #SUP: 7167
5 9 11 13 15 19 #SUP: 7009
5 9 13 15 19 #SUP: 7221
8 9 15 19 #SUP: 7668
8 9 11 15 19 #SUP: 7275
5 8 9 11 15 19 #SUP: 7154
5 8 9 15 19 #SUP: 7542
9 11 15 19 #SUP: 8829
5 9 11 15 19 #SUP: 8656
5 9 15 19 #SUP: 9085
13 15 19 #SUP: 11412
8 13 15 19 #SUP: 9420
8 11 13 15 19 #SUP: 8736
5 8 11 13 15 19 #SUP: 8580
5 8 13 15 19 #SUP: 9252
11 13 15 19 #SUP: 10611
5 11 13 15 19 #SUP: 10387
5 13 15 19 #SUP: 11174
8 15 19 #SUP: 11930
8 11 15 19 #SUP: 10902
5 8 11 15 19 #SUP: 10731
5 8 15 19 #SUP: 11744
11 15 19 #SUP: 13192
5 11 15 19 #SUP: 12944
5 15 19 #SUP: 14106
9 15 #SUP: 15070
9 13 15 #SUP: 12060
8 9 13 15 #SUP: 10059
8 9 11 13 15 #SUP: 9302
5 8 9 11 13 15 #SUP: 9131
5 8 9 13 15 #SUP: 9881
9 11 13 15 #SUP: 11248
5 9 11 13 15 #SUP: 10984
5 9 13 15 #SUP: 11788
8 9 15 #SUP: 12681
8 9 11 15 #SUP: 11246
5 8 9 11 15 #SUP: 11064
5 8 9 15 #SUP: 12491
9 11 15 #SUP: 13547
5 9 11 15 #SUP: 13264
5 9 15 #SUP: 14778
13 15 #SUP: 18797
8 13 15 #SUP: 15694
8 11 13 15 #SUP: 14091
5 8 11 13 15 #SUP: 13847
5 8 13 15 #SUP: 15433
11 13 15 #SUP: 16980
5 11 13 15 #SUP: 16599
5 13 15 #SUP: 18393
8 15 #SUP: 19592
8 11 15 #SUP: 17053
5 8 11 15 #SUP: 16788
5 8 15 #SUP: 19307
11 15 #SUP: 20457
5 11 15 #SUP: 20043
5 15 #SUP: 22824
48 #SUP: 23289
19 48 #SUP: 13273
17 19 48 #SUP: 7915
9 17 19 48 #SUP: 5069
9 11 17 19 48 #SUP: 4904
5 9 11 17 19 48 #SUP: 4869
5 9 17 19 48 #SUP: 5034
13 17 19 48 #SUP: 6376
8 13 17 19 48 #SUP: 5155
8 11 13 17 19 48 #SUP: 4903
5 8 11 13 17 19 48 #SUP: 4862
5 8 13 17 19 48 #SUP: 5113
11 13 17 19 48 #SUP: 6069
5 11 13 17 19 48 #SUP: 6013
5 13 17 19 48 #SUP: 6318
8 17 19 48 #SUP: 6418
8 11 17 19 48 #SUP: 6034
5 8 11 17 19 48 #SUP: 5993
5 8 17 19 48 #SUP: 6375
11 17 19 48 #SUP: 7455
5 11 17 19 48 #SUP: 7396
5 17 19 48 #SUP: 7853
9 19 48 #SUP: 8525
9 13 19 48 #SUP: 6774
8 9 13 19 48 #SUP: 5607
8 9 11 13 19 48 #SUP: 5466
5 8 9 11 13 19 48 #SUP: 5424
5 8 9 13 19 48 #SUP: 5564
9 11 13 19 48 #SUP: 6611
5 9 11 13 19 48 #SUP: 6550
5 9 13 19 48 #SUP: 6712
8 9 19 48 #SUP: 7075
8 9 11 19 48 #SUP: 6778
5 8 9 11 19 48 #SUP: 6736
5 8 9 19 48 #SUP: 7032
9 11 19 48 #SUP: 8190
5 9 11 19 48 #SUP: 8127
5 9 19 48 #SUP: 8461
13 19 48 #SUP: 10544
8 13 19 48 #SUP: 8718
8 11 13 19 48 #SUP: 8173
5 8 11 13 19 48 #SUP: 8104
5 8 13 19 48 #SUP: 8647
11 13 19 48 #SUP: 9905
5 11 13 19 48 #SUP: 9807
5 13 19 48 #SUP: 10443
8 19 48 #SUP: 11022
8 11 19 48 #SUP: 10205
5 8 11 19 48 #SUP: 10132
5 8 19 48 #SUP: 10946
11 19 48 #SUP: 12324
5 11 19 48 #SUP: 12218
5 19 48 #SUP: 13163
17 48 #SUP: 13526
9 17 48 #SUP: 8664
8 9 17 48 #SUP: 7102
8 9 11 17 48 #SUP: 6489
5 8 9 11 17 48 #SUP: 6445
5 8 9 17 48 #SUP: 7057
9 13 17 48 #SUP: 7147
8 9 13 17 48 #SUP: 5825
8 9 11 13 17 48 #SUP: 5509
5 8 9 11 13 17 48 #SUP: 5465
5 8 9 13 17 48 #SUP: 5780
9 11 13 17 48 #SUP: 6808
5 9 11 13 17 48 #SUP: 6739
5 9 13 17 48 #SUP: 7077
9 11 17 48 #SUP: 8008
5 9 11 17 48 #SUP: 7937
5 9 17 48 #SUP: 8592
8 17 48 #SUP: 11102
8 11 17 48 #SUP: 10016
5 8 11 17 48 #SUP: 9934
5 8 17 48 #SUP: 11017
13 17 48 #SUP: 11231
8 13 17 48 #SUP: 9173
8 11 13 17 48 #SUP: 8501
5 8 11 13 17 48 #SUP: 8421
5 8 13 17 48 #SUP: 9091
11 13 17 48 #SUP: 10468
5 11 13 17 48 #SUP: 10348
5 13 17 48 #SUP: 11107
11 17 48 #SUP: 12312
5 11 17 48 #SUP: 12187
5 17 48 #SUP: 13396
9 48 #SUP: 14960
9 13 48 #SUP: 12148
8 9 13 48 #SUP: 10063
8 9 11 13 48 #SUP: 9374
5 8 9 11 13 48 #SUP: 9284
5 8 9 13 48 #SUP: 9968
9 11 13 48 #SUP: 11410
5 9 11 13 48 #SUP: 11276
5 9 13 48 #SUP: 12009
8 9 48 #SUP: 12483
8 9 11 48 #SUP: 11192
5 8 9 11 48 #SUP: 11099
5 8 9 48 #SUP: 12385
9 11 48 #SUP: 13584
5 9 11 48 #SUP: 13443
5 9 48 #SUP: 14814
13 48 #SUP: 19082
8 13 48 #SUP: 15820
8 11 13 48 #SUP: 14371
5 8 11 13 48 #SUP: 14228
5 8 13 48 #SUP: 15668
11 13 48 #SUP: 17441
5 11 13 48 #SUP: 17229
5 13 48 #SUP: 18858
8 48 #SUP: 19439
8 11 48 #SUP: 17159
5 8 11 48 #SUP: 17007
5 8 48 #SUP: 19277
11 48 #SUP: 20755
5 11 48 #SUP: 20528
5 48 #SUP: 23049
19 #SUP: 25130
17 19 #SUP: 15321
9 17 19 #SUP: 9829
9 13 17 19 #SUP: 7874
8 9 13 17 19 #SUP: 6318
8 9 11 13 17 19 #SUP: 6170
5 8 9 11 13 17 19 #SUP: 6062
5 8 9 13 17 19 #SUP: 6209
9 11 13 17 19 #SUP: 7697
5 9 11 13 17 19 #SUP: 7550
5 9 13 17 19 #SUP: 7726
8 9 17 19 #SUP: 7882
8 9 11 17 19 #SUP: 7547
5 8 9 11 17 19 #SUP: 7433
5 8 9 17 19 #SUP: 7767
9 11 17 19 #SUP: 9442
5 9 11 17 19 #SUP: 9285
5 9 17 19 #SUP: 9671
13 17 19 #SUP: 12314
8 13 17 19 #SUP: 9924
8 11 13 17 19 #SUP: 9386
5 8 11 13 17 19 #SUP: 9236
5 8 13 17 19 #SUP: 9769
11 13 17 19 #SUP: 11657
5 11 13 17 19 #SUP: 11440
5 13 17 19 #SUP: 12089
8 17 19 #SUP: 12350
8 11 17 19 #SUP: 11506
5 8 11 17 19 #SUP: 11347
5 8 17 19 #SUP: 12184
11 17 19 #SUP: 14312
5 11 17 19 #SUP: 14080
5 17 19 #SUP: 15078
9 19 #SUP: 16075
9 13 19 #SUP: 12778
8 9 13 19 #SUP: 10504
8 9 11 13 19 #SUP: 10202
5 8 9 11 13 19 #SUP: 10020
5 8 9 13 19 #SUP: 10316
9 11 13 19 #SUP: 12432
5 9 11 13 19 #SUP: 12181
5 9 13 19 #SUP: 12521
8 9 19 #SUP: 13240
8 9 11 19 #SUP: 12589
5 8 9 11 19 #SUP: 12393
5 8 9 19 #SUP: 13037
9 11 19 #SUP: 15346
5 9 11 19 #SUP: 15074
5 9 19 #SUP: 15796
13 19 #SUP: 19990
8 13 19 #SUP: 16471
8 11 13 19 #SUP: 15375
5 8 11 13 19 #SUP: 15121
5 8 13 19 #SUP: 16198
11 13 19 #SUP: 18705
5 11 13 19 #SUP: 18337
5 13 19 #SUP: 19598
8 19 #SUP: 20763
8 11 19 #SUP: 19093
5 8 11 19 #SUP: 18813
5 8 19 #SUP: 20461
11 19 #SUP: 23195
5 11 19 #SUP: 22789
5 19 #SUP: 24695
17 #SUP: 27214
9 17 #SUP: 17429
9 13 17 #SUP: 14227
8 9 13 17 #SUP: 11696
8 9 11 13 17 #SUP: 10989
5 8 9 11 13 17 #SUP: 10813
5 8 9 13 17 #SUP: 11517
9 11 13 17 #SUP: 13468
5 9 11 13 17 #SUP: 13199
5 9 13 17 #SUP: 13955
8 9 17 #SUP: 14404
8 9 11 17 #SUP: 12992
5 8 9 11 17 #SUP: 12810
5 8 9 17 #SUP: 14219
9 11 17 #SUP: 15917
5 9 11 17 #SUP: 15637
5 9 17 #SUP: 17146
13 17 #SUP: 22472
8 13 17 #SUP: 18555
8 11 13 17 #SUP: 17041
5 8 11 13 17 #SUP: 16783
5 8 13 17 #SUP: 18285
11 13 17 #SUP: 20766
5 11 13 17 #SUP: 20357
5 13 17 #SUP: 22046
8 17 #SUP: 22554
8 11 17 #SUP: 20069
5 8 11 17 #SUP: 19799
5 8 17 #SUP: 22270
11 17 #SUP: 24459
5 11 17 #SUP: 24031
5 17 #SUP: 26766
9 #SUP: 28934
9 13 #SUP: 23358
8 9 13 #SUP: 19432
8 9 11 13 #SUP: 18000
5 8 9 11 13 #SUP: 17695
5 8 9 13 #SUP: 19115
9 11 13 #SUP: 21830
5 9 11 13 #SUP: 21352
5 9 13 #SUP: 22866
8 9 #SUP: 24265
8 9 11 #SUP: 21540
5 8 9 11 #SUP: 21217
5 8 9 #SUP: 23929
9 11 #SUP: 26044
5 9 11 #SUP: 25538
5 9 #SUP: 28413
13 #SUP: 36959
8 13 #SUP: 30836
8 11 13 #SUP: 27814
5 8 11 13 #SUP: 27371
5 8 13 #SUP: 30359
11 13 #SUP: 33573
5 11 13 #SUP: 32862
5 13 #SUP: 36201
8 #SUP: 37967
8 11 #SUP: 33162
5 8 11 #SUP: 32685
5 8 #SUP: 37453
11 #SUP: 39922
5 11 #SUP: 39159
5 #SUP: 44396
