22 #SUP: 23202
5 22 #SUP: 22744
15 #SUP: 23265
5 15 #SUP: 22824
48 #SUP: 23289
5 48 #SUP: 23049
19 #SUP: 25130
11 19 #SUP: 23195
5 11 19 #SUP: 22789
5 19 #SUP: 24695
17 #SUP: 27214
11 17 #SUP: 24459
5 11 17 #SUP: 24031
5 17 #SUP: 26766
9 #SUP: 28934
9 13 #SUP: 23358
5 9 13 #SUP: 22866
8 9 #SUP: 24265
5 8 9 #SUP: 23929
9 11 #SUP: 26044
5 9 11 #SUP: 25538
5 9 #SUP: 28413
13 #SUP: 36959
8 13 #SUP: 30836
8 11 13 #SUP: 27814
5 8 11 13 #SUP: 27371
5 8 13 #SUP: 30359
11 13 #SUP: 33573
5 11 13 #SUP: 32862
5 13 #SUP: 36201
8 #SUP: 37967
8 11 #SUP: 33162
5 8 11 #SUP: 32685
5 8 #SUP: 37453
11 #SUP: 39922
5 11 #SUP: 39159
5 #SUP: 44396
